NFE, Elapsed Time, Approximation Set, Population, Population Size
57, 1.052739984, "[[0.0,-0.0], [436.0,-1.733845988961419], [268.0,-1.012195513871334], [112.0,-0.668267373931735], [147.0,-0.7853662757263524]]", "[[317.0,-0.07676865671641792], [141.0,-0.2765853658536585], [0.0,-0.0], [147.0,-0.30110728587030006], [128.0,-0.668267373931735], [436.0,-1.733845988961419], [172.0,-0.0], [0.0,-0.0], [0.0,-0.0], [134.0,-0.0], [151.0,-0.2128695652173913], [268.0,-1.012195513871334], [153.0,-0.0], [142.0,-0.0], [0.0,-0.0], [0.0,-0.0], [106.0,-0.0], [308.0,-0.38389827864163506], [0.0,-0.0], [0.0,-0.0], [337.0,-0.3099130434782609], [324.0,-0.0], [168.0,-0.3457719330178376], [175.0,-0.0], [0.0,-0.0], [282.0,-0.0], [112.0,-0.668267373931735], [116.0,-0.1202067868504772], [136.0,-0.0], [151.0,-0.0], [0.0,-0.0], [0.0,-0.0], [0.0,-0.0], [0.0,-0.0], [133.0,-0.0], [135.0,-0.0], [135.0,-0.0], [141.0,-0.0], [147.0,-0.7853662757263524], [120.0,-0.0], [452.0,-0.5227826086956522], [114.0,-0.0], [131.0,-0.0], [0.0,-0.0], [114.0,-0.0], [0.0,-0.0], [135.0,-0.0], [294.0,-0.11289051636228795], [143.0,-0.0], [326.0,-0.0], [129.0,-0.0], [281.0,-0.2128695652173913], [261.0,-0.0], [270.0,-0.0], [270.0,-0.7853662757263524], [153.0,-0.0], [0.0,-0.0]]", 57
114, 1.43190393, "[[0.0,-0.0], [436.0,-1.733845988961419], [268.0,-1.012195513871334], [89.0,-0.7853662757263524], [50.0,-0.1975609756097561], [53.0,-0.7356101480176755]]", "[[0.0,-0.0], [436.0,-1.733845988961419], [268.0,-1.012195513871334], [89.0,-0.7853662757263524], [50.0,-0.1975609756097561], [53.0,-0.7356101480176755], [0.0,-0.0], [0.0,-0.0], [0.0,-0.0], [0.0,-0.0], [0.0,-0.0], [0.0,-0.0], [0.0,-0.0], [0.0,-0.0], [0.0,-0.0], [0.0,-0.0], [0.0,-0.0], [0.0,-0.0], [0.0,-0.0], [0.0,-0.0], [89.0,-0.7853662757263524], [53.0,-0.7356101480176755], [147.0,-0.7853662757263524], [53.0,-0.0], [56.0,-0.668267373931735], [56.0,-0.668267373931735], [265.0,-0.7853662757263524], [54.0,-0.0], [112.0,-0.668267373931735], [99.0,-0.3099130434782609], [211.0,-0.7356101480176755], [59.0,-0.1202067868504772], [270.0,-0.7853662757263524], [55.0,-0.0], [128.0,-0.668267373931735], [116.0,-0.1202067868504772], [66.0,-0.07676865671641792], [89.0,-0.11289051636228795], [58.0,-0.0], [166.0,-0.668267373931735], [141.0,-0.2765853658536585], [147.0,-0.30110728587030006], [58.0,-0.0], [58.0,-0.0], [333.0,-0.668267373931735], [60.0,-0.0], [308.0,-0.38389827864163506], [151.0,-0.2128695652173913], [168.0,-0.3457719330178376], [60.0,-0.0], [452.0,-0.5227826086956522], [66.0,-0.0], [189.0,-0.31776776246023325], [66.0,-0.0], [66.0,-0.0], [337.0,-0.3099130434782609], [67.0,-0.0]]", 57
171, 1.777673145, "[[0.0,-0.0], [436.0,-1.733845988961419], [240.0,-1.4038775219494106], [89.0,-0.7853662757263524], [50.0,-0.1975609756097561], [53.0,-0.7356101480176755]]", "[[0.0,-0.0], [436.0,-1.733845988961419], [240.0,-1.4038775219494106], [89.0,-0.7853662757263524], [50.0,-0.1975609756097561], [53.0,-0.7356101480176755], [0.0,-0.0], [0.0,-0.0], [0.0,-0.0], [0.0,-0.0], [0.0,-0.0], [0.0,-0.0], [0.0,-0.0], [0.0,-0.0], [0.0,-0.0], [0.0,-0.0], [0.0,-0.0], [0.0,-0.0], [0.0,-0.0], [0.0,-0.0], [89.0,-0.7853662757263524], [53.0,-0.7356101480176755], [0.0,-0.0], [0.0,-0.0], [0.0,-0.0], [0.0,-0.0], [0.0,-0.0], [0.0,-0.0], [0.0,-0.0], [0.0,-0.0], [0.0,-0.0], [0.0,-0.0], [268.0,-1.012195513871334], [53.0,-0.0], [147.0,-0.7853662757263524], [56.0,-0.668267373931735], [111.0,-0.7356101480176755], [56.0,-0.668267373931735], [54.0,-0.0], [218.0,-0.7853662757263524], [110.0,-0.668267373931735], [99.0,-0.3099130434782609], [211.0,-0.7356101480176755], [59.0,-0.1202067868504772], [54.0,-0.0], [59.0,-0.1202067868504772], [265.0,-0.7853662757263524], [55.0,-0.0], [112.0,-0.668267373931735], [89.0,-0.11289051636228795], [66.0,-0.07676865671641792], [66.0,-0.07676865671641792], [55.0,-0.0], [270.0,-0.7853662757263524], [57.0,-0.0], [128.0,-0.668267373931735], [116.0,-0.274329632326174]]", 57
228, 2.031231495, "[[0.0,-0.0], [436.0,-1.733845988961419], [240.0,-1.4038775219494106], [118.0,-0.9693746598020351], [50.0,-0.1975609756097561], [53.0,-0.7356101480176755], [89.0,-0.7853662757263524]]", "[[0.0,-0.0], [436.0,-1.733845988961419], [240.0,-1.4038775219494106], [118.0,-0.9693746598020351], [50.0,-0.1975609756097561], [53.0,-0.7356101480176755], [89.0,-0.7853662757263524], [0.0,-0.0], [0.0,-0.0], [0.0,-0.0], [0.0,-0.0], [0.0,-0.0], [0.0,-0.0], [0.0,-0.0], [0.0,-0.0], [0.0,-0.0], [0.0,-0.0], [0.0,-0.0], [0.0,-0.0], [0.0,-0.0], [0.0,-0.0], [89.0,-0.7853662757263524], [53.0,-0.7356101480176755], [0.0,-0.0], [0.0,-0.0], [0.0,-0.0], [0.0,-0.0], [0.0,-0.0], [0.0,-0.0], [0.0,-0.0], [0.0,-0.0], [0.0,-0.0], [0.0,-0.0], [0.0,-0.0], [0.0,-0.0], [0.0,-0.0], [0.0,-0.0], [0.0,-0.0], [0.0,-0.0], [268.0,-1.012195513871334], [51.0,-0.0], [56.0,-0.668267373931735], [147.0,-0.7853662757263524], [111.0,-0.7356101480176755], [141.0,-0.7374539410959141], [56.0,-0.668267373931735], [56.0,-0.668267373931735], [218.0,-0.7853662757263524], [52.0,-0.0], [137.0,-0.7356101480176755], [110.0,-0.668267373931735], [99.0,-0.3099130434782609], [62.0,-0.30110728587030006], [59.0,-0.1202067868504772], [59.0,-0.1202067868504772], [59.0,-0.1202067868504772], [53.0,-0.0]]", 57
285, 2.2899886350000003, "[[0.0,-0.0], [436.0,-1.733845988961419], [240.0,-1.4038775219494106], [50.0,-0.1975609756097561], [172.0,-1.061951641580011], [53.0,-0.7356101480176755], [118.0,-0.9693746598020351], [89.0,-0.7853662757263524]]", "[[0.0,-0.0], [436.0,-1.733845988961419], [240.0,-1.4038775219494106], [50.0,-0.1975609756097561], [172.0,-1.061951641580011], [53.0,-0.7356101480176755], [118.0,-0.9693746598020351], [89.0,-0.7853662757263524], [0.0,-0.0], [0.0,-0.0], [0.0,-0.0], [0.0,-0.0], [0.0,-0.0], [0.0,-0.0], [0.0,-0.0], [0.0,-0.0], [0.0,-0.0], [0.0,-0.0], [0.0,-0.0], [0.0,-0.0], [0.0,-0.0], [0.0,-0.0], [89.0,-0.7853662757263524], [53.0,-0.7356101480176755], [0.0,-0.0], [0.0,-0.0], [0.0,-0.0], [0.0,-0.0], [0.0,-0.0], [0.0,-0.0], [0.0,-0.0], [0.0,-0.0], [0.0,-0.0], [0.0,-0.0], [0.0,-0.0], [0.0,-0.0], [0.0,-0.0], [0.0,-0.0], [0.0,-0.0], [0.0,-0.0], [0.0,-0.0], [0.0,-0.0], [0.0,-0.0], [0.0,-0.0], [0.0,-0.0], [0.0,-0.0], [0.0,-0.0], [53.0,-0.7356101480176755], [51.0,-0.0], [506.0,-1.017666280399246], [268.0,-1.012195513871334], [56.0,-0.668267373931735], [147.0,-0.7853662757263524], [111.0,-0.7356101480176755], [141.0,-0.7374539410959141], [56.0,-0.668267373931735], [56.0,-0.668267373931735]]", 57
342, 2.6069309030000003, "[[0.0,-0.0], [436.0,-1.733845988961419], [217.0,-1.520976423744028], [50.0,-0.1975609756097561], [172.0,-1.061951641580011], [53.0,-0.7356101480176755], [118.0,-0.9693746598020351], [89.0,-0.7853662757263524]]", "[[0.0,-0.0], [436.0,-1.733845988961419], [217.0,-1.520976423744028], [50.0,-0.1975609756097561], [172.0,-1.061951641580011], [53.0,-0.7356101480176755], [118.0,-0.9693746598020351], [89.0,-0.7853662757263524], [0.0,-0.0], [0.0,-0.0], [0.0,-0.0], [0.0,-0.0], [0.0,-0.0], [0.0,-0.0], [0.0,-0.0], [0.0,-0.0], [0.0,-0.0], [0.0,-0.0], [0.0,-0.0], [0.0,-0.0], [0.0,-0.0], [0.0,-0.0], [89.0,-0.7853662757263524], [53.0,-0.7356101480176755], [0.0,-0.0], [0.0,-0.0], [0.0,-0.0], [0.0,-0.0], [0.0,-0.0], [0.0,-0.0], [0.0,-0.0], [0.0,-0.0], [0.0,-0.0], [0.0,-0.0], [0.0,-0.0], [0.0,-0.0], [0.0,-0.0], [0.0,-0.0], [0.0,-0.0], [0.0,-0.0], [0.0,-0.0], [0.0,-0.0], [0.0,-0.0], [0.0,-0.0], [0.0,-0.0], [0.0,-0.0], [0.0,-0.0], [53.0,-0.7356101480176755], [53.0,-0.7356101480176755], [89.0,-0.7853662757263524], [240.0,-1.4038775219494106], [51.0,-0.0], [147.0,-0.7853662757263524], [56.0,-0.668267373931735], [111.0,-0.7356101480176755], [141.0,-0.7374539410959141], [56.0,-0.668267373931735]]", 57
399, 2.956406829, "[[0.0,-0.0], [436.0,-1.733845988961419], [217.0,-1.520976423744028], [50.0,-0.1975609756097561], [172.0,-1.061951641580011], [53.0,-0.7356101480176755], [118.0,-0.9693746598020351], [89.0,-0.7853662757263524]]", "[[0.0,-0.0], [436.0,-1.733845988961419], [217.0,-1.520976423744028], [50.0,-0.1975609756097561], [172.0,-1.061951641580011], [53.0,-0.7356101480176755], [118.0,-0.9693746598020351], [89.0,-0.7853662757263524], [0.0,-0.0], [0.0,-0.0], [0.0,-0.0], [0.0,-0.0], [0.0,-0.0], [0.0,-0.0], [0.0,-0.0], [0.0,-0.0], [0.0,-0.0], [0.0,-0.0], [0.0,-0.0], [0.0,-0.0], [0.0,-0.0], [0.0,-0.0], [89.0,-0.7853662757263524], [53.0,-0.7356101480176755], [0.0,-0.0], [0.0,-0.0], [0.0,-0.0], [0.0,-0.0], [0.0,-0.0], [0.0,-0.0], [0.0,-0.0], [0.0,-0.0], [0.0,-0.0], [0.0,-0.0], [0.0,-0.0], [0.0,-0.0], [0.0,-0.0], [0.0,-0.0], [0.0,-0.0], [0.0,-0.0], [0.0,-0.0], [0.0,-0.0], [0.0,-0.0], [0.0,-0.0], [0.0,-0.0], [0.0,-0.0], [0.0,-0.0], [53.0,-0.7356101480176755], [53.0,-0.7356101480176755], [89.0,-0.7853662757263524], [0.0,-0.0], [0.0,-0.0], [53.0,-0.7356101480176755], [53.0,-0.7356101480176755], [0.0,-0.0], [0.0,-0.0], [240.0,-1.4038775219494106]]", 57
456, 3.1746704180000003, "[[0.0,-0.0], [436.0,-1.733845988961419], [217.0,-1.520976423744028], [50.0,-0.1975609756097561], [172.0,-1.061951641580011], [53.0,-0.7356101480176755], [118.0,-0.9693746598020351], [89.0,-0.7853662757263524]]", "[[0.0,-0.0], [436.0,-1.733845988961419], [217.0,-1.520976423744028], [50.0,-0.1975609756097561], [172.0,-1.061951641580011], [53.0,-0.7356101480176755], [118.0,-0.9693746598020351], [89.0,-0.7853662757263524], [0.0,-0.0], [0.0,-0.0], [0.0,-0.0], [0.0,-0.0], [0.0,-0.0], [0.0,-0.0], [0.0,-0.0], [0.0,-0.0], [0.0,-0.0], [0.0,-0.0], [0.0,-0.0], [0.0,-0.0], [0.0,-0.0], [0.0,-0.0], [89.0,-0.7853662757263524], [53.0,-0.7356101480176755], [0.0,-0.0], [0.0,-0.0], [0.0,-0.0], [0.0,-0.0], [0.0,-0.0], [0.0,-0.0], [0.0,-0.0], [0.0,-0.0], [0.0,-0.0], [0.0,-0.0], [0.0,-0.0], [0.0,-0.0], [0.0,-0.0], [0.0,-0.0], [0.0,-0.0], [0.0,-0.0], [0.0,-0.0], [0.0,-0.0], [0.0,-0.0], [0.0,-0.0], [0.0,-0.0], [0.0,-0.0], [0.0,-0.0], [53.0,-0.7356101480176755], [53.0,-0.7356101480176755], [89.0,-0.7853662757263524], [0.0,-0.0], [0.0,-0.0], [53.0,-0.7356101480176755], [53.0,-0.7356101480176755], [0.0,-0.0], [0.0,-0.0], [0.0,-0.0]]", 57
513, 3.4587693940000004, "[[0.0,-0.0], [436.0,-1.733845988961419], [217.0,-1.520976423744028], [50.0,-0.1975609756097561], [172.0,-1.061951641580011], [53.0,-0.7356101480176755], [118.0,-0.9693746598020351], [89.0,-0.7853662757263524]]", "[[0.0,-0.0], [436.0,-1.733845988961419], [217.0,-1.520976423744028], [50.0,-0.1975609756097561], [172.0,-1.061951641580011], [53.0,-0.7356101480176755], [118.0,-0.9693746598020351], [89.0,-0.7853662757263524], [0.0,-0.0], [0.0,-0.0], [0.0,-0.0], [0.0,-0.0], [0.0,-0.0], [0.0,-0.0], [0.0,-0.0], [0.0,-0.0], [0.0,-0.0], [0.0,-0.0], [0.0,-0.0], [0.0,-0.0], [0.0,-0.0], [0.0,-0.0], [89.0,-0.7853662757263524], [53.0,-0.7356101480176755], [0.0,-0.0], [0.0,-0.0], [0.0,-0.0], [0.0,-0.0], [0.0,-0.0], [0.0,-0.0], [0.0,-0.0], [0.0,-0.0], [0.0,-0.0], [0.0,-0.0], [0.0,-0.0], [0.0,-0.0], [0.0,-0.0], [0.0,-0.0], [0.0,-0.0], [0.0,-0.0], [0.0,-0.0], [0.0,-0.0], [0.0,-0.0], [0.0,-0.0], [0.0,-0.0], [0.0,-0.0], [0.0,-0.0], [53.0,-0.7356101480176755], [53.0,-0.7356101480176755], [89.0,-0.7853662757263524], [0.0,-0.0], [0.0,-0.0], [53.0,-0.7356101480176755], [53.0,-0.7356101480176755], [0.0,-0.0], [0.0,-0.0], [0.0,-0.0]]", 57
570, 3.809235429, "[[0.0,-0.0], [436.0,-1.733845988961419], [217.0,-1.520976423744028], [50.0,-0.1975609756097561], [172.0,-1.061951641580011], [53.0,-0.7356101480176755], [118.0,-0.9693746598020351], [89.0,-0.7853662757263524]]", "[[0.0,-0.0], [436.0,-1.733845988961419], [217.0,-1.520976423744028], [50.0,-0.1975609756097561], [172.0,-1.061951641580011], [53.0,-0.7356101480176755], [118.0,-0.9693746598020351], [89.0,-0.7853662757263524], [0.0,-0.0], [0.0,-0.0], [0.0,-0.0], [0.0,-0.0], [0.0,-0.0], [0.0,-0.0], [0.0,-0.0], [0.0,-0.0], [0.0,-0.0], [0.0,-0.0], [0.0,-0.0], [0.0,-0.0], [0.0,-0.0], [0.0,-0.0], [89.0,-0.7853662757263524], [53.0,-0.7356101480176755], [0.0,-0.0], [0.0,-0.0], [0.0,-0.0], [0.0,-0.0], [0.0,-0.0], [0.0,-0.0], [0.0,-0.0], [0.0,-0.0], [0.0,-0.0], [0.0,-0.0], [0.0,-0.0], [0.0,-0.0], [0.0,-0.0], [0.0,-0.0], [0.0,-0.0], [0.0,-0.0], [0.0,-0.0], [0.0,-0.0], [0.0,-0.0], [0.0,-0.0], [0.0,-0.0], [0.0,-0.0], [0.0,-0.0], [53.0,-0.7356101480176755], [53.0,-0.7356101480176755], [89.0,-0.7853662757263524], [0.0,-0.0], [0.0,-0.0], [53.0,-0.7356101480176755], [53.0,-0.7356101480176755], [0.0,-0.0], [0.0,-0.0], [0.0,-0.0]]", 57
627, 4.165524142000001, "[[0.0,-0.0], [436.0,-1.733845988961419], [217.0,-1.520976423744028], [50.0,-0.1975609756097561], [172.0,-1.061951641580011], [53.0,-0.7356101480176755], [118.0,-0.9693746598020351], [89.0,-0.7853662757263524]]", "[[0.0,-0.0], [436.0,-1.733845988961419], [217.0,-1.520976423744028], [50.0,-0.1975609756097561], [172.0,-1.061951641580011], [53.0,-0.7356101480176755], [118.0,-0.9693746598020351], [89.0,-0.7853662757263524], [0.0,-0.0], [0.0,-0.0], [0.0,-0.0], [0.0,-0.0], [0.0,-0.0], [0.0,-0.0], [0.0,-0.0], [0.0,-0.0], [0.0,-0.0], [0.0,-0.0], [0.0,-0.0], [0.0,-0.0], [0.0,-0.0], [0.0,-0.0], [89.0,-0.7853662757263524], [53.0,-0.7356101480176755], [0.0,-0.0], [0.0,-0.0], [0.0,-0.0], [0.0,-0.0], [0.0,-0.0], [0.0,-0.0], [0.0,-0.0], [0.0,-0.0], [0.0,-0.0], [0.0,-0.0], [0.0,-0.0], [0.0,-0.0], [0.0,-0.0], [0.0,-0.0], [0.0,-0.0], [0.0,-0.0], [0.0,-0.0], [0.0,-0.0], [0.0,-0.0], [0.0,-0.0], [0.0,-0.0], [0.0,-0.0], [0.0,-0.0], [53.0,-0.7356101480176755], [53.0,-0.7356101480176755], [89.0,-0.7853662757263524], [0.0,-0.0], [0.0,-0.0], [53.0,-0.7356101480176755], [53.0,-0.7356101480176755], [0.0,-0.0], [0.0,-0.0], [0.0,-0.0]]", 57
684, 4.490338659, "[[0.0,-0.0], [436.0,-1.733845988961419], [217.0,-1.520976423744028], [50.0,-0.1975609756097561], [172.0,-1.061951641580011], [53.0,-0.7356101480176755], [118.0,-0.9693746598020351], [89.0,-0.7853662757263524], [112.0,-0.8558169348681528]]", "[[0.0,-0.0], [436.0,-1.733845988961419], [217.0,-1.520976423744028], [50.0,-0.1975609756097561], [172.0,-1.061951641580011], [53.0,-0.7356101480176755], [118.0,-0.9693746598020351], [89.0,-0.7853662757263524], [112.0,-0.8558169348681528], [0.0,-0.0], [0.0,-0.0], [0.0,-0.0], [0.0,-0.0], [0.0,-0.0], [0.0,-0.0], [0.0,-0.0], [0.0,-0.0], [0.0,-0.0], [0.0,-0.0], [0.0,-0.0], [0.0,-0.0], [0.0,-0.0], [0.0,-0.0], [89.0,-0.7853662757263524], [53.0,-0.7356101480176755], [0.0,-0.0], [0.0,-0.0], [0.0,-0.0], [0.0,-0.0], [0.0,-0.0], [0.0,-0.0], [0.0,-0.0], [0.0,-0.0], [0.0,-0.0], [0.0,-0.0], [0.0,-0.0], [0.0,-0.0], [0.0,-0.0], [0.0,-0.0], [0.0,-0.0], [0.0,-0.0], [0.0,-0.0], [0.0,-0.0], [0.0,-0.0], [0.0,-0.0], [0.0,-0.0], [0.0,-0.0], [0.0,-0.0], [53.0,-0.7356101480176755], [53.0,-0.7356101480176755], [89.0,-0.7853662757263524], [0.0,-0.0], [0.0,-0.0], [53.0,-0.7356101480176755], [53.0,-0.7356101480176755], [0.0,-0.0], [0.0,-0.0]]", 57
741, 4.935517759000001, "[[0.0,-0.0], [436.0,-1.733845988961419], [217.0,-1.520976423744028], [50.0,-0.1975609756097561], [172.0,-1.061951641580011], [53.0,-0.7356101480176755], [118.0,-0.9693746598020351], [89.0,-0.7853662757263524], [112.0,-0.8558169348681528]]", "[[0.0,-0.0], [436.0,-1.733845988961419], [217.0,-1.520976423744028], [50.0,-0.1975609756097561], [172.0,-1.061951641580011], [53.0,-0.7356101480176755], [118.0,-0.9693746598020351], [89.0,-0.7853662757263524], [112.0,-0.8558169348681528], [0.0,-0.0], [0.0,-0.0], [0.0,-0.0], [0.0,-0.0], [0.0,-0.0], [0.0,-0.0], [0.0,-0.0], [0.0,-0.0], [0.0,-0.0], [0.0,-0.0], [0.0,-0.0], [0.0,-0.0], [0.0,-0.0], [0.0,-0.0], [89.0,-0.7853662757263524], [53.0,-0.7356101480176755], [0.0,-0.0], [0.0,-0.0], [0.0,-0.0], [0.0,-0.0], [0.0,-0.0], [0.0,-0.0], [0.0,-0.0], [0.0,-0.0], [0.0,-0.0], [0.0,-0.0], [0.0,-0.0], [0.0,-0.0], [0.0,-0.0], [0.0,-0.0], [0.0,-0.0], [0.0,-0.0], [0.0,-0.0], [0.0,-0.0], [0.0,-0.0], [0.0,-0.0], [0.0,-0.0], [0.0,-0.0], [0.0,-0.0], [53.0,-0.7356101480176755], [53.0,-0.7356101480176755], [89.0,-0.7853662757263524], [0.0,-0.0], [0.0,-0.0], [53.0,-0.7356101480176755], [53.0,-0.7356101480176755], [0.0,-0.0], [0.0,-0.0]]", 57
798, 5.361816002, "[[0.0,-0.0], [436.0,-1.733845988961419], [217.0,-1.520976423744028], [50.0,-0.1975609756097561], [172.0,-1.061951641580011], [53.0,-0.7356101480176755], [118.0,-0.9693746598020351], [89.0,-0.7853662757263524], [112.0,-0.8558169348681528]]", "[[0.0,-0.0], [436.0,-1.733845988961419], [217.0,-1.520976423744028], [50.0,-0.1975609756097561], [172.0,-1.061951641580011], [53.0,-0.7356101480176755], [118.0,-0.9693746598020351], [89.0,-0.7853662757263524], [112.0,-0.8558169348681528], [0.0,-0.0], [0.0,-0.0], [0.0,-0.0], [0.0,-0.0], [0.0,-0.0], [0.0,-0.0], [0.0,-0.0], [0.0,-0.0], [0.0,-0.0], [0.0,-0.0], [0.0,-0.0], [0.0,-0.0], [0.0,-0.0], [0.0,-0.0], [89.0,-0.7853662757263524], [53.0,-0.7356101480176755], [0.0,-0.0], [0.0,-0.0], [0.0,-0.0], [0.0,-0.0], [0.0,-0.0], [0.0,-0.0], [0.0,-0.0], [0.0,-0.0], [0.0,-0.0], [0.0,-0.0], [0.0,-0.0], [0.0,-0.0], [0.0,-0.0], [0.0,-0.0], [0.0,-0.0], [0.0,-0.0], [0.0,-0.0], [0.0,-0.0], [0.0,-0.0], [0.0,-0.0], [0.0,-0.0], [0.0,-0.0], [0.0,-0.0], [53.0,-0.7356101480176755], [53.0,-0.7356101480176755], [89.0,-0.7853662757263524], [0.0,-0.0], [0.0,-0.0], [53.0,-0.7356101480176755], [53.0,-0.7356101480176755], [0.0,-0.0], [0.0,-0.0]]", 57
855, 5.655022897, "[[0.0,-0.0], [436.0,-1.733845988961419], [217.0,-1.520976423744028], [50.0,-0.1975609756097561], [172.0,-1.061951641580011], [53.0,-0.7356101480176755], [118.0,-0.9693746598020351], [89.0,-0.7853662757263524], [112.0,-0.8558169348681528]]", "[[0.0,-0.0], [436.0,-1.733845988961419], [217.0,-1.520976423744028], [50.0,-0.1975609756097561], [172.0,-1.061951641580011], [53.0,-0.7356101480176755], [118.0,-0.9693746598020351], [89.0,-0.7853662757263524], [112.0,-0.8558169348681528], [0.0,-0.0], [0.0,-0.0], [0.0,-0.0], [0.0,-0.0], [0.0,-0.0], [0.0,-0.0], [0.0,-0.0], [0.0,-0.0], [0.0,-0.0], [0.0,-0.0], [0.0,-0.0], [0.0,-0.0], [0.0,-0.0], [0.0,-0.0], [89.0,-0.7853662757263524], [53.0,-0.7356101480176755], [0.0,-0.0], [0.0,-0.0], [0.0,-0.0], [0.0,-0.0], [0.0,-0.0], [0.0,-0.0], [0.0,-0.0], [0.0,-0.0], [0.0,-0.0], [0.0,-0.0], [0.0,-0.0], [0.0,-0.0], [0.0,-0.0], [0.0,-0.0], [0.0,-0.0], [0.0,-0.0], [0.0,-0.0], [0.0,-0.0], [0.0,-0.0], [0.0,-0.0], [0.0,-0.0], [0.0,-0.0], [0.0,-0.0], [53.0,-0.7356101480176755], [53.0,-0.7356101480176755], [89.0,-0.7853662757263524], [0.0,-0.0], [0.0,-0.0], [53.0,-0.7356101480176755], [53.0,-0.7356101480176755], [0.0,-0.0], [0.0,-0.0]]", 57
912, 5.9579998530000005, "[[0.0,-0.0], [436.0,-1.733845988961419], [217.0,-1.520976423744028], [50.0,-0.1975609756097561], [172.0,-1.061951641580011], [53.0,-0.7356101480176755], [118.0,-0.9693746598020351], [89.0,-0.7853662757263524], [112.0,-0.8558169348681528]]", "[[0.0,-0.0], [436.0,-1.733845988961419], [217.0,-1.520976423744028], [50.0,-0.1975609756097561], [172.0,-1.061951641580011], [53.0,-0.7356101480176755], [118.0,-0.9693746598020351], [89.0,-0.7853662757263524], [112.0,-0.8558169348681528], [0.0,-0.0], [0.0,-0.0], [0.0,-0.0], [0.0,-0.0], [0.0,-0.0], [0.0,-0.0], [0.0,-0.0], [0.0,-0.0], [0.0,-0.0], [0.0,-0.0], [0.0,-0.0], [0.0,-0.0], [0.0,-0.0], [0.0,-0.0], [89.0,-0.7853662757263524], [53.0,-0.7356101480176755], [0.0,-0.0], [0.0,-0.0], [0.0,-0.0], [0.0,-0.0], [0.0,-0.0], [0.0,-0.0], [0.0,-0.0], [0.0,-0.0], [0.0,-0.0], [0.0,-0.0], [0.0,-0.0], [0.0,-0.0], [0.0,-0.0], [0.0,-0.0], [0.0,-0.0], [0.0,-0.0], [0.0,-0.0], [0.0,-0.0], [0.0,-0.0], [0.0,-0.0], [0.0,-0.0], [0.0,-0.0], [0.0,-0.0], [53.0,-0.7356101480176755], [53.0,-0.7356101480176755], [89.0,-0.7853662757263524], [0.0,-0.0], [0.0,-0.0], [53.0,-0.7356101480176755], [53.0,-0.7356101480176755], [0.0,-0.0], [0.0,-0.0]]", 57
969, 6.291656968000001, "[[0.0,-0.0], [436.0,-1.733845988961419], [217.0,-1.520976423744028], [50.0,-0.1975609756097561], [172.0,-1.061951641580011], [53.0,-0.7356101480176755], [118.0,-0.9693746598020351], [89.0,-0.7853662757263524], [112.0,-0.8558169348681528]]", "[[0.0,-0.0], [436.0,-1.733845988961419], [217.0,-1.520976423744028], [50.0,-0.1975609756097561], [172.0,-1.061951641580011], [53.0,-0.7356101480176755], [118.0,-0.9693746598020351], [89.0,-0.7853662757263524], [112.0,-0.8558169348681528], [0.0,-0.0], [0.0,-0.0], [0.0,-0.0], [0.0,-0.0], [0.0,-0.0], [0.0,-0.0], [0.0,-0.0], [0.0,-0.0], [0.0,-0.0], [0.0,-0.0], [0.0,-0.0], [0.0,-0.0], [0.0,-0.0], [0.0,-0.0], [89.0,-0.7853662757263524], [53.0,-0.7356101480176755], [0.0,-0.0], [0.0,-0.0], [0.0,-0.0], [0.0,-0.0], [0.0,-0.0], [0.0,-0.0], [0.0,-0.0], [0.0,-0.0], [0.0,-0.0], [0.0,-0.0], [0.0,-0.0], [0.0,-0.0], [0.0,-0.0], [0.0,-0.0], [0.0,-0.0], [0.0,-0.0], [0.0,-0.0], [0.0,-0.0], [0.0,-0.0], [0.0,-0.0], [0.0,-0.0], [0.0,-0.0], [0.0,-0.0], [53.0,-0.7356101480176755], [53.0,-0.7356101480176755], [89.0,-0.7853662757263524], [0.0,-0.0], [0.0,-0.0], [53.0,-0.7356101480176755], [53.0,-0.7356101480176755], [0.0,-0.0], [0.0,-0.0]]", 57
1026, 6.626598067000001, "[[0.0,-0.0], [436.0,-1.733845988961419], [217.0,-1.520976423744028], [50.0,-0.1975609756097561], [172.0,-1.061951641580011], [53.0,-0.7356101480176755], [118.0,-0.9693746598020351], [89.0,-0.7853662757263524], [112.0,-0.8558169348681528]]", "[[0.0,-0.0], [436.0,-1.733845988961419], [217.0,-1.520976423744028], [50.0,-0.1975609756097561], [172.0,-1.061951641580011], [53.0,-0.7356101480176755], [118.0,-0.9693746598020351], [89.0,-0.7853662757263524], [112.0,-0.8558169348681528], [0.0,-0.0], [0.0,-0.0], [0.0,-0.0], [0.0,-0.0], [0.0,-0.0], [0.0,-0.0], [0.0,-0.0], [0.0,-0.0], [0.0,-0.0], [0.0,-0.0], [0.0,-0.0], [0.0,-0.0], [0.0,-0.0], [0.0,-0.0], [89.0,-0.7853662757263524], [53.0,-0.7356101480176755], [0.0,-0.0], [0.0,-0.0], [0.0,-0.0], [0.0,-0.0], [0.0,-0.0], [0.0,-0.0], [0.0,-0.0], [0.0,-0.0], [0.0,-0.0], [0.0,-0.0], [0.0,-0.0], [0.0,-0.0], [0.0,-0.0], [0.0,-0.0], [0.0,-0.0], [0.0,-0.0], [0.0,-0.0], [0.0,-0.0], [0.0,-0.0], [0.0,-0.0], [0.0,-0.0], [0.0,-0.0], [0.0,-0.0], [53.0,-0.7356101480176755], [53.0,-0.7356101480176755], [89.0,-0.7853662757263524], [0.0,-0.0], [0.0,-0.0], [53.0,-0.7356101480176755], [53.0,-0.7356101480176755], [0.0,-0.0], [0.0,-0.0]]", 57
1083, 6.875794078, "[[0.0,-0.0], [436.0,-1.733845988961419], [217.0,-1.520976423744028], [50.0,-0.1975609756097561], [172.0,-1.061951641580011], [53.0,-0.7356101480176755], [118.0,-0.9693746598020351], [89.0,-0.7853662757263524], [112.0,-0.8558169348681528]]", "[[0.0,-0.0], [436.0,-1.733845988961419], [217.0,-1.520976423744028], [50.0,-0.1975609756097561], [172.0,-1.061951641580011], [53.0,-0.7356101480176755], [118.0,-0.9693746598020351], [89.0,-0.7853662757263524], [112.0,-0.8558169348681528], [0.0,-0.0], [0.0,-0.0], [0.0,-0.0], [0.0,-0.0], [0.0,-0.0], [0.0,-0.0], [0.0,-0.0], [0.0,-0.0], [0.0,-0.0], [0.0,-0.0], [0.0,-0.0], [0.0,-0.0], [0.0,-0.0], [0.0,-0.0], [89.0,-0.7853662757263524], [53.0,-0.7356101480176755], [0.0,-0.0], [0.0,-0.0], [0.0,-0.0], [0.0,-0.0], [0.0,-0.0], [0.0,-0.0], [0.0,-0.0], [0.0,-0.0], [0.0,-0.0], [0.0,-0.0], [0.0,-0.0], [0.0,-0.0], [0.0,-0.0], [0.0,-0.0], [0.0,-0.0], [0.0,-0.0], [0.0,-0.0], [0.0,-0.0], [0.0,-0.0], [0.0,-0.0], [0.0,-0.0], [0.0,-0.0], [0.0,-0.0], [53.0,-0.7356101480176755], [53.0,-0.7356101480176755], [89.0,-0.7853662757263524], [0.0,-0.0], [0.0,-0.0], [53.0,-0.7356101480176755], [53.0,-0.7356101480176755], [0.0,-0.0], [0.0,-0.0]]", 57
1140, 7.128333885000001, "[[0.0,-0.0], [436.0,-1.733845988961419], [217.0,-1.520976423744028], [50.0,-0.1975609756097561], [172.0,-1.061951641580011], [53.0,-0.7356101480176755], [118.0,-0.9693746598020351], [89.0,-0.7853662757263524], [112.0,-0.8558169348681528]]", "[[0.0,-0.0], [436.0,-1.733845988961419], [217.0,-1.520976423744028], [50.0,-0.1975609756097561], [172.0,-1.061951641580011], [53.0,-0.7356101480176755], [118.0,-0.9693746598020351], [89.0,-0.7853662757263524], [112.0,-0.8558169348681528], [0.0,-0.0], [0.0,-0.0], [0.0,-0.0], [0.0,-0.0], [0.0,-0.0], [0.0,-0.0], [0.0,-0.0], [0.0,-0.0], [0.0,-0.0], [0.0,-0.0], [0.0,-0.0], [0.0,-0.0], [0.0,-0.0], [0.0,-0.0], [89.0,-0.7853662757263524], [53.0,-0.7356101480176755], [0.0,-0.0], [0.0,-0.0], [0.0,-0.0], [0.0,-0.0], [0.0,-0.0], [0.0,-0.0], [0.0,-0.0], [0.0,-0.0], [0.0,-0.0], [0.0,-0.0], [0.0,-0.0], [0.0,-0.0], [0.0,-0.0], [0.0,-0.0], [0.0,-0.0], [0.0,-0.0], [0.0,-0.0], [0.0,-0.0], [0.0,-0.0], [0.0,-0.0], [0.0,-0.0], [0.0,-0.0], [0.0,-0.0], [53.0,-0.7356101480176755], [53.0,-0.7356101480176755], [89.0,-0.7853662757263524], [0.0,-0.0], [0.0,-0.0], [53.0,-0.7356101480176755], [53.0,-0.7356101480176755], [0.0,-0.0], [0.0,-0.0]]", 57
1197, 7.426615175, "[[0.0,-0.0], [436.0,-1.733845988961419], [217.0,-1.520976423744028], [50.0,-0.1975609756097561], [151.0,-1.0864735615966523], [53.0,-0.7356101480176755], [118.0,-0.9693746598020351], [89.0,-0.7853662757263524], [112.0,-0.8558169348681528]]", "[[0.0,-0.0], [436.0,-1.733845988961419], [217.0,-1.520976423744028], [50.0,-0.1975609756097561], [151.0,-1.0864735615966523], [53.0,-0.7356101480176755], [118.0,-0.9693746598020351], [89.0,-0.7853662757263524], [112.0,-0.8558169348681528], [0.0,-0.0], [0.0,-0.0], [0.0,-0.0], [0.0,-0.0], [0.0,-0.0], [0.0,-0.0], [0.0,-0.0], [0.0,-0.0], [0.0,-0.0], [0.0,-0.0], [0.0,-0.0], [0.0,-0.0], [0.0,-0.0], [0.0,-0.0], [89.0,-0.7853662757263524], [53.0,-0.7356101480176755], [0.0,-0.0], [0.0,-0.0], [0.0,-0.0], [0.0,-0.0], [0.0,-0.0], [0.0,-0.0], [0.0,-0.0], [0.0,-0.0], [0.0,-0.0], [0.0,-0.0], [0.0,-0.0], [0.0,-0.0], [0.0,-0.0], [0.0,-0.0], [0.0,-0.0], [0.0,-0.0], [0.0,-0.0], [0.0,-0.0], [0.0,-0.0], [0.0,-0.0], [0.0,-0.0], [0.0,-0.0], [0.0,-0.0], [53.0,-0.7356101480176755], [53.0,-0.7356101480176755], [89.0,-0.7853662757263524], [0.0,-0.0], [0.0,-0.0], [53.0,-0.7356101480176755], [53.0,-0.7356101480176755], [0.0,-0.0], [0.0,-0.0]]", 57
1254, 7.7086613040000005, "[[0.0,-0.0], [436.0,-1.733845988961419], [217.0,-1.520976423744028], [50.0,-0.1975609756097561], [151.0,-1.0864735615966523], [53.0,-0.7356101480176755], [201.0,-1.4038775219494106], [118.0,-0.9693746598020351], [89.0,-0.7853662757263524], [112.0,-0.8558169348681528]]", "[[0.0,-0.0], [436.0,-1.733845988961419], [217.0,-1.520976423744028], [50.0,-0.1975609756097561], [151.0,-1.0864735615966523], [53.0,-0.7356101480176755], [201.0,-1.4038775219494106], [118.0,-0.9693746598020351], [89.0,-0.7853662757263524], [112.0,-0.8558169348681528], [0.0,-0.0], [0.0,-0.0], [0.0,-0.0], [0.0,-0.0], [0.0,-0.0], [0.0,-0.0], [0.0,-0.0], [0.0,-0.0], [0.0,-0.0], [0.0,-0.0], [0.0,-0.0], [0.0,-0.0], [0.0,-0.0], [0.0,-0.0], [89.0,-0.7853662757263524], [53.0,-0.7356101480176755], [0.0,-0.0], [0.0,-0.0], [0.0,-0.0], [0.0,-0.0], [0.0,-0.0], [0.0,-0.0], [0.0,-0.0], [0.0,-0.0], [0.0,-0.0], [0.0,-0.0], [0.0,-0.0], [0.0,-0.0], [0.0,-0.0], [0.0,-0.0], [0.0,-0.0], [0.0,-0.0], [0.0,-0.0], [0.0,-0.0], [0.0,-0.0], [0.0,-0.0], [0.0,-0.0], [0.0,-0.0], [0.0,-0.0], [53.0,-0.7356101480176755], [53.0,-0.7356101480176755], [89.0,-0.7853662757263524], [0.0,-0.0], [0.0,-0.0], [53.0,-0.7356101480176755], [53.0,-0.7356101480176755], [0.0,-0.0]]", 57
1311, 8.017813757, "[[0.0,-0.0], [436.0,-1.733845988961419], [217.0,-1.520976423744028], [50.0,-0.1975609756097561], [151.0,-1.0864735615966523], [53.0,-0.7356101480176755], [201.0,-1.4038775219494106], [118.0,-0.9693746598020351], [89.0,-0.7853662757263524], [112.0,-0.8558169348681528]]", "[[0.0,-0.0], [436.0,-1.733845988961419], [217.0,-1.520976423744028], [50.0,-0.1975609756097561], [151.0,-1.0864735615966523], [53.0,-0.7356101480176755], [201.0,-1.4038775219494106], [118.0,-0.9693746598020351], [89.0,-0.7853662757263524], [112.0,-0.8558169348681528], [0.0,-0.0], [0.0,-0.0], [0.0,-0.0], [0.0,-0.0], [0.0,-0.0], [0.0,-0.0], [0.0,-0.0], [0.0,-0.0], [0.0,-0.0], [0.0,-0.0], [0.0,-0.0], [0.0,-0.0], [0.0,-0.0], [0.0,-0.0], [89.0,-0.7853662757263524], [53.0,-0.7356101480176755], [0.0,-0.0], [0.0,-0.0], [0.0,-0.0], [0.0,-0.0], [0.0,-0.0], [0.0,-0.0], [0.0,-0.0], [0.0,-0.0], [0.0,-0.0], [0.0,-0.0], [0.0,-0.0], [0.0,-0.0], [0.0,-0.0], [0.0,-0.0], [0.0,-0.0], [0.0,-0.0], [0.0,-0.0], [0.0,-0.0], [0.0,-0.0], [0.0,-0.0], [0.0,-0.0], [0.0,-0.0], [0.0,-0.0], [53.0,-0.7356101480176755], [53.0,-0.7356101480176755], [89.0,-0.7853662757263524], [0.0,-0.0], [0.0,-0.0], [53.0,-0.7356101480176755], [53.0,-0.7356101480176755], [0.0,-0.0]]", 57
1368, 8.445215577, "[[0.0,-0.0], [436.0,-1.733845988961419], [217.0,-1.520976423744028], [50.0,-0.1975609756097561], [151.0,-1.0864735615966523], [53.0,-0.7356101480176755], [201.0,-1.4038775219494106], [118.0,-0.9693746598020351], [89.0,-0.7853662757263524], [112.0,-0.8558169348681528]]", "[[0.0,-0.0], [436.0,-1.733845988961419], [217.0,-1.520976423744028], [50.0,-0.1975609756097561], [151.0,-1.0864735615966523], [53.0,-0.7356101480176755], [201.0,-1.4038775219494106], [118.0,-0.9693746598020351], [89.0,-0.7853662757263524], [112.0,-0.8558169348681528], [0.0,-0.0], [0.0,-0.0], [0.0,-0.0], [0.0,-0.0], [0.0,-0.0], [0.0,-0.0], [0.0,-0.0], [0.0,-0.0], [0.0,-0.0], [0.0,-0.0], [0.0,-0.0], [0.0,-0.0], [0.0,-0.0], [0.0,-0.0], [89.0,-0.7853662757263524], [53.0,-0.7356101480176755], [0.0,-0.0], [0.0,-0.0], [0.0,-0.0], [0.0,-0.0], [0.0,-0.0], [0.0,-0.0], [0.0,-0.0], [0.0,-0.0], [0.0,-0.0], [0.0,-0.0], [0.0,-0.0], [0.0,-0.0], [0.0,-0.0], [0.0,-0.0], [0.0,-0.0], [0.0,-0.0], [0.0,-0.0], [0.0,-0.0], [0.0,-0.0], [0.0,-0.0], [0.0,-0.0], [0.0,-0.0], [0.0,-0.0], [53.0,-0.7356101480176755], [53.0,-0.7356101480176755], [89.0,-0.7853662757263524], [0.0,-0.0], [0.0,-0.0], [53.0,-0.7356101480176755], [53.0,-0.7356101480176755], [0.0,-0.0]]", 57
1425, 8.864935007, "[[0.0,-0.0], [259.0,-2.189243797675763], [217.0,-1.520976423744028], [50.0,-0.1975609756097561], [151.0,-1.0864735615966523], [201.0,-1.4038775219494106], [53.0,-0.7356101480176755], [89.0,-0.7853662757263524], [118.0,-0.9693746598020351], [112.0,-0.8558169348681528]]", "[[0.0,-0.0], [259.0,-2.189243797675763], [217.0,-1.520976423744028], [50.0,-0.1975609756097561], [151.0,-1.0864735615966523], [201.0,-1.4038775219494106], [53.0,-0.7356101480176755], [89.0,-0.7853662757263524], [118.0,-0.9693746598020351], [112.0,-0.8558169348681528], [0.0,-0.0], [0.0,-0.0], [0.0,-0.0], [0.0,-0.0], [0.0,-0.0], [0.0,-0.0], [0.0,-0.0], [0.0,-0.0], [0.0,-0.0], [0.0,-0.0], [0.0,-0.0], [0.0,-0.0], [0.0,-0.0], [0.0,-0.0], [89.0,-0.7853662757263524], [53.0,-0.7356101480176755], [0.0,-0.0], [0.0,-0.0], [0.0,-0.0], [0.0,-0.0], [0.0,-0.0], [0.0,-0.0], [0.0,-0.0], [0.0,-0.0], [0.0,-0.0], [0.0,-0.0], [0.0,-0.0], [0.0,-0.0], [0.0,-0.0], [0.0,-0.0], [0.0,-0.0], [0.0,-0.0], [0.0,-0.0], [0.0,-0.0], [0.0,-0.0], [0.0,-0.0], [0.0,-0.0], [0.0,-0.0], [0.0,-0.0], [53.0,-0.7356101480176755], [53.0,-0.7356101480176755], [89.0,-0.7853662757263524], [0.0,-0.0], [0.0,-0.0], [53.0,-0.7356101480176755], [53.0,-0.7356101480176755], [0.0,-0.0]]", 57
1482, 9.164162395, "[[0.0,-0.0], [259.0,-2.189243797675763], [217.0,-1.520976423744028], [50.0,-0.1975609756097561], [151.0,-1.0864735615966523], [201.0,-1.4038775219494106], [53.0,-0.7356101480176755], [89.0,-0.7853662757263524], [118.0,-0.9693746598020351], [112.0,-0.8558169348681528]]", "[[0.0,-0.0], [259.0,-2.189243797675763], [217.0,-1.520976423744028], [50.0,-0.1975609756097561], [151.0,-1.0864735615966523], [201.0,-1.4038775219494106], [53.0,-0.7356101480176755], [89.0,-0.7853662757263524], [118.0,-0.9693746598020351], [112.0,-0.8558169348681528], [0.0,-0.0], [0.0,-0.0], [0.0,-0.0], [0.0,-0.0], [0.0,-0.0], [0.0,-0.0], [0.0,-0.0], [0.0,-0.0], [0.0,-0.0], [0.0,-0.0], [0.0,-0.0], [0.0,-0.0], [0.0,-0.0], [0.0,-0.0], [89.0,-0.7853662757263524], [53.0,-0.7356101480176755], [0.0,-0.0], [0.0,-0.0], [0.0,-0.0], [0.0,-0.0], [0.0,-0.0], [0.0,-0.0], [0.0,-0.0], [0.0,-0.0], [0.0,-0.0], [0.0,-0.0], [0.0,-0.0], [0.0,-0.0], [0.0,-0.0], [0.0,-0.0], [0.0,-0.0], [0.0,-0.0], [0.0,-0.0], [0.0,-0.0], [0.0,-0.0], [0.0,-0.0], [0.0,-0.0], [0.0,-0.0], [0.0,-0.0], [53.0,-0.7356101480176755], [53.0,-0.7356101480176755], [89.0,-0.7853662757263524], [0.0,-0.0], [0.0,-0.0], [53.0,-0.7356101480176755], [53.0,-0.7356101480176755], [0.0,-0.0]]", 57
1539, 9.518962096000001, "[[0.0,-0.0], [259.0,-2.189243797675763], [217.0,-1.520976423744028], [50.0,-0.1975609756097561], [151.0,-1.0864735615966523], [201.0,-1.4038775219494106], [53.0,-0.7356101480176755], [89.0,-0.7853662757263524], [118.0,-0.9693746598020351], [112.0,-0.8558169348681528]]", "[[0.0,-0.0], [259.0,-2.189243797675763], [217.0,-1.520976423744028], [50.0,-0.1975609756097561], [151.0,-1.0864735615966523], [201.0,-1.4038775219494106], [53.0,-0.7356101480176755], [89.0,-0.7853662757263524], [118.0,-0.9693746598020351], [112.0,-0.8558169348681528], [0.0,-0.0], [0.0,-0.0], [0.0,-0.0], [0.0,-0.0], [0.0,-0.0], [0.0,-0.0], [0.0,-0.0], [0.0,-0.0], [0.0,-0.0], [0.0,-0.0], [0.0,-0.0], [0.0,-0.0], [0.0,-0.0], [0.0,-0.0], [89.0,-0.7853662757263524], [53.0,-0.7356101480176755], [0.0,-0.0], [0.0,-0.0], [0.0,-0.0], [0.0,-0.0], [0.0,-0.0], [0.0,-0.0], [0.0,-0.0], [0.0,-0.0], [0.0,-0.0], [0.0,-0.0], [0.0,-0.0], [0.0,-0.0], [0.0,-0.0], [0.0,-0.0], [0.0,-0.0], [0.0,-0.0], [0.0,-0.0], [0.0,-0.0], [0.0,-0.0], [0.0,-0.0], [0.0,-0.0], [0.0,-0.0], [0.0,-0.0], [53.0,-0.7356101480176755], [53.0,-0.7356101480176755], [89.0,-0.7853662757263524], [0.0,-0.0], [0.0,-0.0], [53.0,-0.7356101480176755], [53.0,-0.7356101480176755], [0.0,-0.0]]", 57
1596, 9.943130499, "[[0.0,-0.0], [259.0,-2.189243797675763], [217.0,-1.520976423744028], [50.0,-0.1975609756097561], [151.0,-1.0864735615966523], [201.0,-1.4038775219494106], [53.0,-0.7356101480176755], [89.0,-0.7853662757263524], [118.0,-0.9693746598020351], [112.0,-0.8558169348681528]]", "[[0.0,-0.0], [259.0,-2.189243797675763], [217.0,-1.520976423744028], [50.0,-0.1975609756097561], [151.0,-1.0864735615966523], [201.0,-1.4038775219494106], [53.0,-0.7356101480176755], [89.0,-0.7853662757263524], [118.0,-0.9693746598020351], [112.0,-0.8558169348681528], [0.0,-0.0], [0.0,-0.0], [0.0,-0.0], [0.0,-0.0], [0.0,-0.0], [0.0,-0.0], [0.0,-0.0], [0.0,-0.0], [0.0,-0.0], [0.0,-0.0], [0.0,-0.0], [0.0,-0.0], [0.0,-0.0], [0.0,-0.0], [89.0,-0.7853662757263524], [53.0,-0.7356101480176755], [0.0,-0.0], [0.0,-0.0], [0.0,-0.0], [0.0,-0.0], [0.0,-0.0], [0.0,-0.0], [0.0,-0.0], [0.0,-0.0], [0.0,-0.0], [0.0,-0.0], [0.0,-0.0], [0.0,-0.0], [0.0,-0.0], [0.0,-0.0], [0.0,-0.0], [0.0,-0.0], [0.0,-0.0], [0.0,-0.0], [0.0,-0.0], [0.0,-0.0], [0.0,-0.0], [0.0,-0.0], [0.0,-0.0], [53.0,-0.7356101480176755], [53.0,-0.7356101480176755], [89.0,-0.7853662757263524], [0.0,-0.0], [0.0,-0.0], [53.0,-0.7356101480176755], [53.0,-0.7356101480176755], [0.0,-0.0]]", 57
1653, 10.527976725, "[[0.0,-0.0], [259.0,-2.189243797675763], [217.0,-1.520976423744028], [50.0,-0.1975609756097561], [151.0,-1.0864735615966523], [201.0,-1.4038775219494106], [53.0,-0.7356101480176755], [89.0,-0.7853662757263524], [118.0,-0.9693746598020351], [112.0,-0.8558169348681528]]", "[[0.0,-0.0], [259.0,-2.189243797675763], [217.0,-1.520976423744028], [50.0,-0.1975609756097561], [151.0,-1.0864735615966523], [201.0,-1.4038775219494106], [53.0,-0.7356101480176755], [89.0,-0.7853662757263524], [118.0,-0.9693746598020351], [112.0,-0.8558169348681528], [0.0,-0.0], [0.0,-0.0], [0.0,-0.0], [0.0,-0.0], [0.0,-0.0], [0.0,-0.0], [0.0,-0.0], [0.0,-0.0], [0.0,-0.0], [0.0,-0.0], [0.0,-0.0], [0.0,-0.0], [0.0,-0.0], [0.0,-0.0], [89.0,-0.7853662757263524], [53.0,-0.7356101480176755], [0.0,-0.0], [0.0,-0.0], [0.0,-0.0], [0.0,-0.0], [0.0,-0.0], [0.0,-0.0], [0.0,-0.0], [0.0,-0.0], [0.0,-0.0], [0.0,-0.0], [0.0,-0.0], [0.0,-0.0], [0.0,-0.0], [0.0,-0.0], [0.0,-0.0], [0.0,-0.0], [0.0,-0.0], [0.0,-0.0], [0.0,-0.0], [0.0,-0.0], [0.0,-0.0], [0.0,-0.0], [0.0,-0.0], [53.0,-0.7356101480176755], [53.0,-0.7356101480176755], [89.0,-0.7853662757263524], [0.0,-0.0], [0.0,-0.0], [53.0,-0.7356101480176755], [53.0,-0.7356101480176755], [0.0,-0.0]]", 57
1710, 10.940866162, "[[0.0,-0.0], [259.0,-2.189243797675763], [217.0,-1.520976423744028], [50.0,-0.1975609756097561], [151.0,-1.0864735615966523], [201.0,-1.4038775219494106], [53.0,-0.7356101480176755], [89.0,-0.7853662757263524], [115.0,-1.0367174338879757], [112.0,-0.8558169348681528]]", "[[0.0,-0.0], [259.0,-2.189243797675763], [217.0,-1.520976423744028], [50.0,-0.1975609756097561], [151.0,-1.0864735615966523], [201.0,-1.4038775219494106], [53.0,-0.7356101480176755], [89.0,-0.7853662757263524], [115.0,-1.0367174338879757], [112.0,-0.8558169348681528], [0.0,-0.0], [0.0,-0.0], [0.0,-0.0], [0.0,-0.0], [0.0,-0.0], [0.0,-0.0], [0.0,-0.0], [0.0,-0.0], [0.0,-0.0], [0.0,-0.0], [0.0,-0.0], [0.0,-0.0], [0.0,-0.0], [0.0,-0.0], [89.0,-0.7853662757263524], [53.0,-0.7356101480176755], [0.0,-0.0], [0.0,-0.0], [0.0,-0.0], [0.0,-0.0], [0.0,-0.0], [0.0,-0.0], [0.0,-0.0], [0.0,-0.0], [0.0,-0.0], [0.0,-0.0], [0.0,-0.0], [0.0,-0.0], [0.0,-0.0], [0.0,-0.0], [0.0,-0.0], [0.0,-0.0], [0.0,-0.0], [0.0,-0.0], [0.0,-0.0], [0.0,-0.0], [0.0,-0.0], [0.0,-0.0], [0.0,-0.0], [53.0,-0.7356101480176755], [53.0,-0.7356101480176755], [89.0,-0.7853662757263524], [0.0,-0.0], [0.0,-0.0], [53.0,-0.7356101480176755], [53.0,-0.7356101480176755], [0.0,-0.0]]", 57
1767, 11.299343583, "[[0.0,-0.0], [259.0,-2.189243797675763], [217.0,-1.520976423744028], [50.0,-0.1975609756097561], [151.0,-1.0864735615966523], [201.0,-1.4038775219494106], [53.0,-0.7356101480176755], [89.0,-0.7853662757263524], [115.0,-1.0367174338879757], [112.0,-0.8558169348681528]]", "[[0.0,-0.0], [259.0,-2.189243797675763], [217.0,-1.520976423744028], [50.0,-0.1975609756097561], [151.0,-1.0864735615966523], [201.0,-1.4038775219494106], [53.0,-0.7356101480176755], [89.0,-0.7853662757263524], [115.0,-1.0367174338879757], [112.0,-0.8558169348681528], [0.0,-0.0], [0.0,-0.0], [0.0,-0.0], [0.0,-0.0], [0.0,-0.0], [0.0,-0.0], [0.0,-0.0], [0.0,-0.0], [0.0,-0.0], [0.0,-0.0], [0.0,-0.0], [0.0,-0.0], [0.0,-0.0], [0.0,-0.0], [89.0,-0.7853662757263524], [53.0,-0.7356101480176755], [0.0,-0.0], [0.0,-0.0], [0.0,-0.0], [0.0,-0.0], [0.0,-0.0], [0.0,-0.0], [0.0,-0.0], [0.0,-0.0], [0.0,-0.0], [0.0,-0.0], [0.0,-0.0], [0.0,-0.0], [0.0,-0.0], [0.0,-0.0], [0.0,-0.0], [0.0,-0.0], [0.0,-0.0], [0.0,-0.0], [0.0,-0.0], [0.0,-0.0], [0.0,-0.0], [0.0,-0.0], [0.0,-0.0], [53.0,-0.7356101480176755], [53.0,-0.7356101480176755], [89.0,-0.7853662757263524], [0.0,-0.0], [0.0,-0.0], [53.0,-0.7356101480176755], [53.0,-0.7356101480176755], [0.0,-0.0]]", 57
1824, 11.583310783, "[[0.0,-0.0], [259.0,-2.189243797675763], [217.0,-1.520976423744028], [50.0,-0.1975609756097561], [151.0,-1.0864735615966523], [201.0,-1.4038775219494106], [53.0,-0.7356101480176755], [89.0,-0.7853662757263524], [115.0,-1.0367174338879757], [112.0,-0.8558169348681528]]", "[[0.0,-0.0], [259.0,-2.189243797675763], [217.0,-1.520976423744028], [50.0,-0.1975609756097561], [151.0,-1.0864735615966523], [201.0,-1.4038775219494106], [53.0,-0.7356101480176755], [89.0,-0.7853662757263524], [115.0,-1.0367174338879757], [112.0,-0.8558169348681528], [0.0,-0.0], [0.0,-0.0], [0.0,-0.0], [0.0,-0.0], [0.0,-0.0], [0.0,-0.0], [0.0,-0.0], [0.0,-0.0], [0.0,-0.0], [0.0,-0.0], [0.0,-0.0], [0.0,-0.0], [0.0,-0.0], [0.0,-0.0], [89.0,-0.7853662757263524], [53.0,-0.7356101480176755], [0.0,-0.0], [0.0,-0.0], [0.0,-0.0], [0.0,-0.0], [0.0,-0.0], [0.0,-0.0], [0.0,-0.0], [0.0,-0.0], [0.0,-0.0], [0.0,-0.0], [0.0,-0.0], [0.0,-0.0], [0.0,-0.0], [0.0,-0.0], [0.0,-0.0], [0.0,-0.0], [0.0,-0.0], [0.0,-0.0], [0.0,-0.0], [0.0,-0.0], [0.0,-0.0], [0.0,-0.0], [0.0,-0.0], [53.0,-0.7356101480176755], [53.0,-0.7356101480176755], [89.0,-0.7853662757263524], [0.0,-0.0], [0.0,-0.0], [53.0,-0.7356101480176755], [53.0,-0.7356101480176755], [0.0,-0.0]]", 57
1881, 11.904197796, "[[0.0,-0.0], [259.0,-2.189243797675763], [217.0,-1.520976423744028], [50.0,-0.1975609756097561], [151.0,-1.0864735615966523], [201.0,-1.4038775219494106], [53.0,-0.7356101480176755], [89.0,-0.7853662757263524], [115.0,-1.0367174338879757], [112.0,-0.8558169348681528]]", "[[0.0,-0.0], [259.0,-2.189243797675763], [217.0,-1.520976423744028], [50.0,-0.1975609756097561], [151.0,-1.0864735615966523], [201.0,-1.4038775219494106], [53.0,-0.7356101480176755], [89.0,-0.7853662757263524], [115.0,-1.0367174338879757], [112.0,-0.8558169348681528], [0.0,-0.0], [0.0,-0.0], [0.0,-0.0], [0.0,-0.0], [0.0,-0.0], [0.0,-0.0], [0.0,-0.0], [0.0,-0.0], [0.0,-0.0], [0.0,-0.0], [0.0,-0.0], [0.0,-0.0], [0.0,-0.0], [0.0,-0.0], [89.0,-0.7853662757263524], [53.0,-0.7356101480176755], [0.0,-0.0], [0.0,-0.0], [0.0,-0.0], [0.0,-0.0], [0.0,-0.0], [0.0,-0.0], [0.0,-0.0], [0.0,-0.0], [0.0,-0.0], [0.0,-0.0], [0.0,-0.0], [0.0,-0.0], [0.0,-0.0], [0.0,-0.0], [0.0,-0.0], [0.0,-0.0], [0.0,-0.0], [0.0,-0.0], [0.0,-0.0], [0.0,-0.0], [0.0,-0.0], [0.0,-0.0], [0.0,-0.0], [53.0,-0.7356101480176755], [53.0,-0.7356101480176755], [89.0,-0.7853662757263524], [0.0,-0.0], [0.0,-0.0], [53.0,-0.7356101480176755], [53.0,-0.7356101480176755], [0.0,-0.0]]", 57
1938, 12.340756886000001, "[[0.0,-0.0], [259.0,-2.189243797675763], [217.0,-1.520976423744028], [50.0,-0.1975609756097561], [151.0,-1.0864735615966523], [201.0,-1.4038775219494106], [53.0,-0.7356101480176755], [89.0,-0.7853662757263524], [115.0,-1.0367174338879757], [112.0,-0.8558169348681528]]", "[[0.0,-0.0], [259.0,-2.189243797675763], [217.0,-1.520976423744028], [50.0,-0.1975609756097561], [151.0,-1.0864735615966523], [201.0,-1.4038775219494106], [53.0,-0.7356101480176755], [89.0,-0.7853662757263524], [115.0,-1.0367174338879757], [112.0,-0.8558169348681528], [0.0,-0.0], [0.0,-0.0], [0.0,-0.0], [0.0,-0.0], [0.0,-0.0], [0.0,-0.0], [0.0,-0.0], [0.0,-0.0], [0.0,-0.0], [0.0,-0.0], [0.0,-0.0], [0.0,-0.0], [0.0,-0.0], [0.0,-0.0], [89.0,-0.7853662757263524], [53.0,-0.7356101480176755], [0.0,-0.0], [0.0,-0.0], [0.0,-0.0], [0.0,-0.0], [0.0,-0.0], [0.0,-0.0], [0.0,-0.0], [0.0,-0.0], [0.0,-0.0], [0.0,-0.0], [0.0,-0.0], [0.0,-0.0], [0.0,-0.0], [0.0,-0.0], [0.0,-0.0], [0.0,-0.0], [0.0,-0.0], [0.0,-0.0], [0.0,-0.0], [0.0,-0.0], [0.0,-0.0], [0.0,-0.0], [0.0,-0.0], [53.0,-0.7356101480176755], [53.0,-0.7356101480176755], [89.0,-0.7853662757263524], [0.0,-0.0], [0.0,-0.0], [53.0,-0.7356101480176755], [53.0,-0.7356101480176755], [0.0,-0.0]]", 57
1995, 12.687912547000002, "[[0.0,-0.0], [259.0,-2.189243797675763], [217.0,-1.520976423744028], [50.0,-0.1975609756097561], [151.0,-1.0864735615966523], [201.0,-1.4038775219494106], [53.0,-0.7356101480176755], [89.0,-0.7853662757263524], [115.0,-1.0367174338879757], [112.0,-0.8558169348681528]]", "[[0.0,-0.0], [259.0,-2.189243797675763], [217.0,-1.520976423744028], [50.0,-0.1975609756097561], [151.0,-1.0864735615966523], [201.0,-1.4038775219494106], [53.0,-0.7356101480176755], [89.0,-0.7853662757263524], [115.0,-1.0367174338879757], [112.0,-0.8558169348681528], [0.0,-0.0], [0.0,-0.0], [0.0,-0.0], [0.0,-0.0], [0.0,-0.0], [0.0,-0.0], [0.0,-0.0], [0.0,-0.0], [0.0,-0.0], [0.0,-0.0], [0.0,-0.0], [0.0,-0.0], [0.0,-0.0], [0.0,-0.0], [89.0,-0.7853662757263524], [53.0,-0.7356101480176755], [0.0,-0.0], [0.0,-0.0], [0.0,-0.0], [0.0,-0.0], [0.0,-0.0], [0.0,-0.0], [0.0,-0.0], [0.0,-0.0], [0.0,-0.0], [0.0,-0.0], [0.0,-0.0], [0.0,-0.0], [0.0,-0.0], [0.0,-0.0], [0.0,-0.0], [0.0,-0.0], [0.0,-0.0], [0.0,-0.0], [0.0,-0.0], [0.0,-0.0], [0.0,-0.0], [0.0,-0.0], [0.0,-0.0], [53.0,-0.7356101480176755], [53.0,-0.7356101480176755], [89.0,-0.7853662757263524], [0.0,-0.0], [0.0,-0.0], [53.0,-0.7356101480176755], [53.0,-0.7356101480176755], [0.0,-0.0]]", 57
2052, 12.949915838, "[[0.0,-0.0], [259.0,-2.189243797675763], [217.0,-1.520976423744028], [50.0,-0.1975609756097561], [151.0,-1.0864735615966523], [201.0,-1.4038775219494106], [53.0,-0.7356101480176755], [89.0,-0.7853662757263524], [115.0,-1.0367174338879757], [112.0,-0.8558169348681528]]", "[[0.0,-0.0], [259.0,-2.189243797675763], [217.0,-1.520976423744028], [50.0,-0.1975609756097561], [151.0,-1.0864735615966523], [201.0,-1.4038775219494106], [53.0,-0.7356101480176755], [89.0,-0.7853662757263524], [115.0,-1.0367174338879757], [112.0,-0.8558169348681528], [0.0,-0.0], [0.0,-0.0], [0.0,-0.0], [0.0,-0.0], [0.0,-0.0], [0.0,-0.0], [0.0,-0.0], [0.0,-0.0], [0.0,-0.0], [0.0,-0.0], [0.0,-0.0], [0.0,-0.0], [0.0,-0.0], [0.0,-0.0], [89.0,-0.7853662757263524], [53.0,-0.7356101480176755], [0.0,-0.0], [0.0,-0.0], [0.0,-0.0], [0.0,-0.0], [0.0,-0.0], [0.0,-0.0], [0.0,-0.0], [0.0,-0.0], [0.0,-0.0], [0.0,-0.0], [0.0,-0.0], [0.0,-0.0], [0.0,-0.0], [0.0,-0.0], [0.0,-0.0], [0.0,-0.0], [0.0,-0.0], [0.0,-0.0], [0.0,-0.0], [0.0,-0.0], [0.0,-0.0], [0.0,-0.0], [0.0,-0.0], [53.0,-0.7356101480176755], [53.0,-0.7356101480176755], [89.0,-0.7853662757263524], [0.0,-0.0], [0.0,-0.0], [53.0,-0.7356101480176755], [53.0,-0.7356101480176755], [0.0,-0.0]]", 57
2109, 13.184215468000001, "[[0.0,-0.0], [259.0,-2.189243797675763], [217.0,-1.520976423744028], [50.0,-0.1975609756097561], [151.0,-1.0864735615966523], [201.0,-1.4038775219494106], [53.0,-0.7356101480176755], [89.0,-0.7853662757263524], [115.0,-1.0367174338879757], [112.0,-0.8558169348681528]]", "[[0.0,-0.0], [259.0,-2.189243797675763], [217.0,-1.520976423744028], [50.0,-0.1975609756097561], [151.0,-1.0864735615966523], [201.0,-1.4038775219494106], [53.0,-0.7356101480176755], [89.0,-0.7853662757263524], [115.0,-1.0367174338879757], [112.0,-0.8558169348681528], [0.0,-0.0], [0.0,-0.0], [0.0,-0.0], [0.0,-0.0], [0.0,-0.0], [0.0,-0.0], [0.0,-0.0], [0.0,-0.0], [0.0,-0.0], [0.0,-0.0], [0.0,-0.0], [0.0,-0.0], [0.0,-0.0], [0.0,-0.0], [89.0,-0.7853662757263524], [53.0,-0.7356101480176755], [0.0,-0.0], [0.0,-0.0], [0.0,-0.0], [0.0,-0.0], [0.0,-0.0], [0.0,-0.0], [0.0,-0.0], [0.0,-0.0], [0.0,-0.0], [0.0,-0.0], [0.0,-0.0], [0.0,-0.0], [0.0,-0.0], [0.0,-0.0], [0.0,-0.0], [0.0,-0.0], [0.0,-0.0], [0.0,-0.0], [0.0,-0.0], [0.0,-0.0], [0.0,-0.0], [0.0,-0.0], [0.0,-0.0], [53.0,-0.7356101480176755], [53.0,-0.7356101480176755], [89.0,-0.7853662757263524], [0.0,-0.0], [0.0,-0.0], [53.0,-0.7356101480176755], [53.0,-0.7356101480176755], [0.0,-0.0]]", 57
2166, 13.525282262000001, "[[0.0,-0.0], [259.0,-2.189243797675763], [217.0,-1.520976423744028], [50.0,-0.1975609756097561], [151.0,-1.0864735615966523], [201.0,-1.4038775219494106], [53.0,-0.7356101480176755], [89.0,-0.7853662757263524], [115.0,-1.0367174338879757], [112.0,-0.8558169348681528]]", "[[0.0,-0.0], [259.0,-2.189243797675763], [217.0,-1.520976423744028], [50.0,-0.1975609756097561], [151.0,-1.0864735615966523], [201.0,-1.4038775219494106], [53.0,-0.7356101480176755], [89.0,-0.7853662757263524], [115.0,-1.0367174338879757], [112.0,-0.8558169348681528], [0.0,-0.0], [0.0,-0.0], [0.0,-0.0], [0.0,-0.0], [0.0,-0.0], [0.0,-0.0], [0.0,-0.0], [0.0,-0.0], [0.0,-0.0], [0.0,-0.0], [0.0,-0.0], [0.0,-0.0], [0.0,-0.0], [0.0,-0.0], [89.0,-0.7853662757263524], [53.0,-0.7356101480176755], [0.0,-0.0], [0.0,-0.0], [0.0,-0.0], [0.0,-0.0], [0.0,-0.0], [0.0,-0.0], [0.0,-0.0], [0.0,-0.0], [0.0,-0.0], [0.0,-0.0], [0.0,-0.0], [0.0,-0.0], [0.0,-0.0], [0.0,-0.0], [0.0,-0.0], [0.0,-0.0], [0.0,-0.0], [0.0,-0.0], [0.0,-0.0], [0.0,-0.0], [0.0,-0.0], [0.0,-0.0], [0.0,-0.0], [53.0,-0.7356101480176755], [53.0,-0.7356101480176755], [89.0,-0.7853662757263524], [0.0,-0.0], [0.0,-0.0], [53.0,-0.7356101480176755], [53.0,-0.7356101480176755], [0.0,-0.0]]", 57
2223, 13.75140219, "[[0.0,-0.0], [259.0,-2.189243797675763], [217.0,-1.520976423744028], [50.0,-0.1975609756097561], [151.0,-1.0864735615966523], [201.0,-1.4038775219494106], [53.0,-0.7356101480176755], [89.0,-0.7853662757263524], [115.0,-1.0367174338879757], [112.0,-0.8558169348681528]]", "[[0.0,-0.0], [259.0,-2.189243797675763], [217.0,-1.520976423744028], [50.0,-0.1975609756097561], [151.0,-1.0864735615966523], [201.0,-1.4038775219494106], [53.0,-0.7356101480176755], [89.0,-0.7853662757263524], [115.0,-1.0367174338879757], [112.0,-0.8558169348681528], [0.0,-0.0], [0.0,-0.0], [0.0,-0.0], [0.0,-0.0], [0.0,-0.0], [0.0,-0.0], [0.0,-0.0], [0.0,-0.0], [0.0,-0.0], [0.0,-0.0], [0.0,-0.0], [0.0,-0.0], [0.0,-0.0], [0.0,-0.0], [89.0,-0.7853662757263524], [53.0,-0.7356101480176755], [0.0,-0.0], [0.0,-0.0], [0.0,-0.0], [0.0,-0.0], [0.0,-0.0], [0.0,-0.0], [0.0,-0.0], [0.0,-0.0], [0.0,-0.0], [0.0,-0.0], [0.0,-0.0], [0.0,-0.0], [0.0,-0.0], [0.0,-0.0], [0.0,-0.0], [0.0,-0.0], [0.0,-0.0], [0.0,-0.0], [0.0,-0.0], [0.0,-0.0], [0.0,-0.0], [0.0,-0.0], [0.0,-0.0], [53.0,-0.7356101480176755], [53.0,-0.7356101480176755], [89.0,-0.7853662757263524], [0.0,-0.0], [0.0,-0.0], [53.0,-0.7356101480176755], [53.0,-0.7356101480176755], [0.0,-0.0]]", 57
2280, 13.988243639, "[[0.0,-0.0], [259.0,-2.189243797675763], [217.0,-1.520976423744028], [50.0,-0.1975609756097561], [151.0,-1.0864735615966523], [201.0,-1.4038775219494106], [53.0,-0.7356101480176755], [89.0,-0.7853662757263524], [115.0,-1.0367174338879757], [112.0,-0.8558169348681528]]", "[[0.0,-0.0], [259.0,-2.189243797675763], [217.0,-1.520976423744028], [50.0,-0.1975609756097561], [151.0,-1.0864735615966523], [201.0,-1.4038775219494106], [53.0,-0.7356101480176755], [89.0,-0.7853662757263524], [115.0,-1.0367174338879757], [112.0,-0.8558169348681528], [0.0,-0.0], [0.0,-0.0], [0.0,-0.0], [0.0,-0.0], [0.0,-0.0], [0.0,-0.0], [0.0,-0.0], [0.0,-0.0], [0.0,-0.0], [0.0,-0.0], [0.0,-0.0], [0.0,-0.0], [0.0,-0.0], [0.0,-0.0], [89.0,-0.7853662757263524], [53.0,-0.7356101480176755], [0.0,-0.0], [0.0,-0.0], [0.0,-0.0], [0.0,-0.0], [0.0,-0.0], [0.0,-0.0], [0.0,-0.0], [0.0,-0.0], [0.0,-0.0], [0.0,-0.0], [0.0,-0.0], [0.0,-0.0], [0.0,-0.0], [0.0,-0.0], [0.0,-0.0], [0.0,-0.0], [0.0,-0.0], [0.0,-0.0], [0.0,-0.0], [0.0,-0.0], [0.0,-0.0], [0.0,-0.0], [0.0,-0.0], [53.0,-0.7356101480176755], [53.0,-0.7356101480176755], [89.0,-0.7853662757263524], [0.0,-0.0], [0.0,-0.0], [53.0,-0.7356101480176755], [53.0,-0.7356101480176755], [0.0,-0.0]]", 57
2337, 14.200296407000002, "[[0.0,-0.0], [259.0,-2.189243797675763], [217.0,-1.520976423744028], [50.0,-0.1975609756097561], [151.0,-1.0864735615966523], [201.0,-1.4038775219494106], [53.0,-0.7356101480176755], [89.0,-0.7853662757263524], [115.0,-1.0367174338879757], [112.0,-0.8558169348681528]]", "[[0.0,-0.0], [259.0,-2.189243797675763], [217.0,-1.520976423744028], [50.0,-0.1975609756097561], [151.0,-1.0864735615966523], [201.0,-1.4038775219494106], [53.0,-0.7356101480176755], [89.0,-0.7853662757263524], [115.0,-1.0367174338879757], [112.0,-0.8558169348681528], [0.0,-0.0], [0.0,-0.0], [0.0,-0.0], [0.0,-0.0], [0.0,-0.0], [0.0,-0.0], [0.0,-0.0], [0.0,-0.0], [0.0,-0.0], [0.0,-0.0], [0.0,-0.0], [0.0,-0.0], [0.0,-0.0], [0.0,-0.0], [89.0,-0.7853662757263524], [53.0,-0.7356101480176755], [0.0,-0.0], [0.0,-0.0], [0.0,-0.0], [0.0,-0.0], [0.0,-0.0], [0.0,-0.0], [0.0,-0.0], [0.0,-0.0], [0.0,-0.0], [0.0,-0.0], [0.0,-0.0], [0.0,-0.0], [0.0,-0.0], [0.0,-0.0], [0.0,-0.0], [0.0,-0.0], [0.0,-0.0], [0.0,-0.0], [0.0,-0.0], [0.0,-0.0], [0.0,-0.0], [0.0,-0.0], [0.0,-0.0], [53.0,-0.7356101480176755], [53.0,-0.7356101480176755], [89.0,-0.7853662757263524], [0.0,-0.0], [0.0,-0.0], [53.0,-0.7356101480176755], [53.0,-0.7356101480176755], [0.0,-0.0]]", 57
2394, 14.446388329000001, "[[0.0,-0.0], [259.0,-2.189243797675763], [217.0,-1.520976423744028], [50.0,-0.1975609756097561], [151.0,-1.0864735615966523], [201.0,-1.4038775219494106], [53.0,-0.7356101480176755], [89.0,-0.7853662757263524], [115.0,-1.0367174338879757], [112.0,-0.8558169348681528]]", "[[0.0,-0.0], [259.0,-2.189243797675763], [217.0,-1.520976423744028], [50.0,-0.1975609756097561], [151.0,-1.0864735615966523], [201.0,-1.4038775219494106], [53.0,-0.7356101480176755], [89.0,-0.7853662757263524], [115.0,-1.0367174338879757], [112.0,-0.8558169348681528], [0.0,-0.0], [0.0,-0.0], [0.0,-0.0], [0.0,-0.0], [0.0,-0.0], [0.0,-0.0], [0.0,-0.0], [0.0,-0.0], [0.0,-0.0], [0.0,-0.0], [0.0,-0.0], [0.0,-0.0], [0.0,-0.0], [0.0,-0.0], [89.0,-0.7853662757263524], [53.0,-0.7356101480176755], [0.0,-0.0], [0.0,-0.0], [0.0,-0.0], [0.0,-0.0], [0.0,-0.0], [0.0,-0.0], [0.0,-0.0], [0.0,-0.0], [0.0,-0.0], [0.0,-0.0], [0.0,-0.0], [0.0,-0.0], [0.0,-0.0], [0.0,-0.0], [0.0,-0.0], [0.0,-0.0], [0.0,-0.0], [0.0,-0.0], [0.0,-0.0], [0.0,-0.0], [0.0,-0.0], [0.0,-0.0], [0.0,-0.0], [53.0,-0.7356101480176755], [53.0,-0.7356101480176755], [89.0,-0.7853662757263524], [0.0,-0.0], [0.0,-0.0], [53.0,-0.7356101480176755], [53.0,-0.7356101480176755], [0.0,-0.0]]", 57
2451, 14.687496605000002, "[[0.0,-0.0], [259.0,-2.189243797675763], [217.0,-1.520976423744028], [50.0,-0.1975609756097561], [53.0,-0.7356101480176755], [181.0,-1.1134860906043937], [201.0,-1.4038775219494106], [151.0,-1.0864735615966523], [89.0,-0.7853662757263524], [115.0,-1.0367174338879757], [112.0,-0.8558169348681528]]", "[[0.0,-0.0], [259.0,-2.189243797675763], [217.0,-1.520976423744028], [50.0,-0.1975609756097561], [53.0,-0.7356101480176755], [181.0,-1.1134860906043937], [201.0,-1.4038775219494106], [151.0,-1.0864735615966523], [89.0,-0.7853662757263524], [115.0,-1.0367174338879757], [112.0,-0.8558169348681528], [0.0,-0.0], [0.0,-0.0], [0.0,-0.0], [0.0,-0.0], [0.0,-0.0], [0.0,-0.0], [0.0,-0.0], [0.0,-0.0], [0.0,-0.0], [0.0,-0.0], [0.0,-0.0], [0.0,-0.0], [0.0,-0.0], [0.0,-0.0], [89.0,-0.7853662757263524], [53.0,-0.7356101480176755], [0.0,-0.0], [0.0,-0.0], [0.0,-0.0], [0.0,-0.0], [0.0,-0.0], [0.0,-0.0], [0.0,-0.0], [0.0,-0.0], [0.0,-0.0], [0.0,-0.0], [0.0,-0.0], [0.0,-0.0], [0.0,-0.0], [0.0,-0.0], [0.0,-0.0], [0.0,-0.0], [0.0,-0.0], [0.0,-0.0], [0.0,-0.0], [0.0,-0.0], [0.0,-0.0], [0.0,-0.0], [0.0,-0.0], [53.0,-0.7356101480176755], [53.0,-0.7356101480176755], [89.0,-0.7853662757263524], [0.0,-0.0], [0.0,-0.0], [53.0,-0.7356101480176755], [53.0,-0.7356101480176755]]", 57
2508, 14.904702958000001, "[[0.0,-0.0], [259.0,-2.189243797675763], [217.0,-1.520976423744028], [50.0,-0.1975609756097561], [53.0,-0.7356101480176755], [181.0,-1.1134860906043937], [201.0,-1.4038775219494106], [151.0,-1.0864735615966523], [89.0,-0.7853662757263524], [115.0,-1.0367174338879757], [112.0,-0.8558169348681528]]", "[[0.0,-0.0], [259.0,-2.189243797675763], [217.0,-1.520976423744028], [50.0,-0.1975609756097561], [53.0,-0.7356101480176755], [181.0,-1.1134860906043937], [201.0,-1.4038775219494106], [151.0,-1.0864735615966523], [89.0,-0.7853662757263524], [115.0,-1.0367174338879757], [112.0,-0.8558169348681528], [0.0,-0.0], [0.0,-0.0], [0.0,-0.0], [0.0,-0.0], [0.0,-0.0], [0.0,-0.0], [0.0,-0.0], [0.0,-0.0], [0.0,-0.0], [0.0,-0.0], [0.0,-0.0], [0.0,-0.0], [0.0,-0.0], [0.0,-0.0], [89.0,-0.7853662757263524], [53.0,-0.7356101480176755], [0.0,-0.0], [0.0,-0.0], [0.0,-0.0], [0.0,-0.0], [0.0,-0.0], [0.0,-0.0], [0.0,-0.0], [0.0,-0.0], [0.0,-0.0], [0.0,-0.0], [0.0,-0.0], [0.0,-0.0], [0.0,-0.0], [0.0,-0.0], [0.0,-0.0], [0.0,-0.0], [0.0,-0.0], [0.0,-0.0], [0.0,-0.0], [0.0,-0.0], [0.0,-0.0], [0.0,-0.0], [0.0,-0.0], [53.0,-0.7356101480176755], [53.0,-0.7356101480176755], [89.0,-0.7853662757263524], [0.0,-0.0], [0.0,-0.0], [53.0,-0.7356101480176755], [53.0,-0.7356101480176755]]", 57
2565, 15.137297123000002, "[[0.0,-0.0], [259.0,-2.189243797675763], [159.0,-1.6014384975591665], [50.0,-0.1975609756097561], [151.0,-1.0864735615966523], [53.0,-0.7356101480176755], [89.0,-0.7853662757263524], [115.0,-1.0367174338879757], [112.0,-0.8558169348681528]]", "[[0.0,-0.0], [259.0,-2.189243797675763], [159.0,-1.6014384975591665], [50.0,-0.1975609756097561], [151.0,-1.0864735615966523], [53.0,-0.7356101480176755], [89.0,-0.7853662757263524], [115.0,-1.0367174338879757], [112.0,-0.8558169348681528], [0.0,-0.0], [0.0,-0.0], [0.0,-0.0], [0.0,-0.0], [0.0,-0.0], [0.0,-0.0], [0.0,-0.0], [0.0,-0.0], [0.0,-0.0], [0.0,-0.0], [0.0,-0.0], [0.0,-0.0], [0.0,-0.0], [0.0,-0.0], [89.0,-0.7853662757263524], [53.0,-0.7356101480176755], [0.0,-0.0], [0.0,-0.0], [0.0,-0.0], [0.0,-0.0], [0.0,-0.0], [0.0,-0.0], [0.0,-0.0], [0.0,-0.0], [0.0,-0.0], [0.0,-0.0], [0.0,-0.0], [0.0,-0.0], [0.0,-0.0], [0.0,-0.0], [0.0,-0.0], [0.0,-0.0], [0.0,-0.0], [0.0,-0.0], [0.0,-0.0], [0.0,-0.0], [0.0,-0.0], [0.0,-0.0], [0.0,-0.0], [53.0,-0.7356101480176755], [53.0,-0.7356101480176755], [89.0,-0.7853662757263524], [0.0,-0.0], [0.0,-0.0], [53.0,-0.7356101480176755], [53.0,-0.7356101480176755], [89.0,-0.7853662757263524], [0.0,-0.0]]", 57
2622, 15.350119405000001, "[[0.0,-0.0], [259.0,-2.189243797675763], [159.0,-1.6014384975591665], [50.0,-0.1975609756097561], [151.0,-1.0864735615966523], [53.0,-0.7356101480176755], [89.0,-0.7853662757263524], [115.0,-1.0367174338879757], [112.0,-0.8558169348681528]]", "[[0.0,-0.0], [259.0,-2.189243797675763], [159.0,-1.6014384975591665], [50.0,-0.1975609756097561], [151.0,-1.0864735615966523], [53.0,-0.7356101480176755], [89.0,-0.7853662757263524], [115.0,-1.0367174338879757], [112.0,-0.8558169348681528], [0.0,-0.0], [0.0,-0.0], [0.0,-0.0], [0.0,-0.0], [0.0,-0.0], [0.0,-0.0], [0.0,-0.0], [0.0,-0.0], [0.0,-0.0], [0.0,-0.0], [0.0,-0.0], [0.0,-0.0], [0.0,-0.0], [0.0,-0.0], [89.0,-0.7853662757263524], [53.0,-0.7356101480176755], [0.0,-0.0], [0.0,-0.0], [0.0,-0.0], [0.0,-0.0], [0.0,-0.0], [0.0,-0.0], [0.0,-0.0], [0.0,-0.0], [0.0,-0.0], [0.0,-0.0], [0.0,-0.0], [0.0,-0.0], [0.0,-0.0], [0.0,-0.0], [0.0,-0.0], [0.0,-0.0], [0.0,-0.0], [0.0,-0.0], [0.0,-0.0], [0.0,-0.0], [0.0,-0.0], [0.0,-0.0], [0.0,-0.0], [53.0,-0.7356101480176755], [53.0,-0.7356101480176755], [89.0,-0.7853662757263524], [0.0,-0.0], [0.0,-0.0], [53.0,-0.7356101480176755], [53.0,-0.7356101480176755], [89.0,-0.7853662757263524], [0.0,-0.0]]", 57
2679, 15.602917725000001, "[[0.0,-0.0], [259.0,-2.189243797675763], [159.0,-1.6014384975591665], [50.0,-0.1975609756097561], [151.0,-1.0864735615966523], [53.0,-0.7356101480176755], [89.0,-0.7853662757263524], [115.0,-1.0367174338879757], [112.0,-0.8558169348681528]]", "[[0.0,-0.0], [259.0,-2.189243797675763], [159.0,-1.6014384975591665], [50.0,-0.1975609756097561], [151.0,-1.0864735615966523], [53.0,-0.7356101480176755], [89.0,-0.7853662757263524], [115.0,-1.0367174338879757], [112.0,-0.8558169348681528], [0.0,-0.0], [0.0,-0.0], [0.0,-0.0], [0.0,-0.0], [0.0,-0.0], [0.0,-0.0], [0.0,-0.0], [0.0,-0.0], [0.0,-0.0], [0.0,-0.0], [0.0,-0.0], [0.0,-0.0], [0.0,-0.0], [0.0,-0.0], [89.0,-0.7853662757263524], [53.0,-0.7356101480176755], [0.0,-0.0], [0.0,-0.0], [0.0,-0.0], [0.0,-0.0], [0.0,-0.0], [0.0,-0.0], [0.0,-0.0], [0.0,-0.0], [0.0,-0.0], [0.0,-0.0], [0.0,-0.0], [0.0,-0.0], [0.0,-0.0], [0.0,-0.0], [0.0,-0.0], [0.0,-0.0], [0.0,-0.0], [0.0,-0.0], [0.0,-0.0], [0.0,-0.0], [0.0,-0.0], [0.0,-0.0], [0.0,-0.0], [53.0,-0.7356101480176755], [53.0,-0.7356101480176755], [89.0,-0.7853662757263524], [0.0,-0.0], [0.0,-0.0], [53.0,-0.7356101480176755], [53.0,-0.7356101480176755], [89.0,-0.7853662757263524], [0.0,-0.0]]", 57
2736, 15.81652496, "[[0.0,-0.0], [259.0,-2.189243797675763], [159.0,-1.6014384975591665], [50.0,-0.1975609756097561], [151.0,-1.0864735615966523], [53.0,-0.7356101480176755], [89.0,-0.7853662757263524], [115.0,-1.0367174338879757], [112.0,-0.8558169348681528]]", "[[0.0,-0.0], [259.0,-2.189243797675763], [159.0,-1.6014384975591665], [50.0,-0.1975609756097561], [151.0,-1.0864735615966523], [53.0,-0.7356101480176755], [89.0,-0.7853662757263524], [115.0,-1.0367174338879757], [112.0,-0.8558169348681528], [0.0,-0.0], [0.0,-0.0], [0.0,-0.0], [0.0,-0.0], [0.0,-0.0], [0.0,-0.0], [0.0,-0.0], [0.0,-0.0], [0.0,-0.0], [0.0,-0.0], [0.0,-0.0], [0.0,-0.0], [0.0,-0.0], [0.0,-0.0], [89.0,-0.7853662757263524], [53.0,-0.7356101480176755], [0.0,-0.0], [0.0,-0.0], [0.0,-0.0], [0.0,-0.0], [0.0,-0.0], [0.0,-0.0], [0.0,-0.0], [0.0,-0.0], [0.0,-0.0], [0.0,-0.0], [0.0,-0.0], [0.0,-0.0], [0.0,-0.0], [0.0,-0.0], [0.0,-0.0], [0.0,-0.0], [0.0,-0.0], [0.0,-0.0], [0.0,-0.0], [0.0,-0.0], [0.0,-0.0], [0.0,-0.0], [0.0,-0.0], [53.0,-0.7356101480176755], [53.0,-0.7356101480176755], [89.0,-0.7853662757263524], [0.0,-0.0], [0.0,-0.0], [53.0,-0.7356101480176755], [53.0,-0.7356101480176755], [89.0,-0.7853662757263524], [0.0,-0.0]]", 57
2793, 16.056406211000002, "[[0.0,-0.0], [259.0,-2.189243797675763], [159.0,-1.6014384975591665], [50.0,-0.1975609756097561], [151.0,-1.0864735615966523], [53.0,-0.7356101480176755], [89.0,-0.7853662757263524], [115.0,-1.0367174338879757], [112.0,-0.8558169348681528]]", "[[0.0,-0.0], [259.0,-2.189243797675763], [159.0,-1.6014384975591665], [50.0,-0.1975609756097561], [151.0,-1.0864735615966523], [53.0,-0.7356101480176755], [89.0,-0.7853662757263524], [115.0,-1.0367174338879757], [112.0,-0.8558169348681528], [0.0,-0.0], [0.0,-0.0], [0.0,-0.0], [0.0,-0.0], [0.0,-0.0], [0.0,-0.0], [0.0,-0.0], [0.0,-0.0], [0.0,-0.0], [0.0,-0.0], [0.0,-0.0], [0.0,-0.0], [0.0,-0.0], [0.0,-0.0], [89.0,-0.7853662757263524], [53.0,-0.7356101480176755], [0.0,-0.0], [0.0,-0.0], [0.0,-0.0], [0.0,-0.0], [0.0,-0.0], [0.0,-0.0], [0.0,-0.0], [0.0,-0.0], [0.0,-0.0], [0.0,-0.0], [0.0,-0.0], [0.0,-0.0], [0.0,-0.0], [0.0,-0.0], [0.0,-0.0], [0.0,-0.0], [0.0,-0.0], [0.0,-0.0], [0.0,-0.0], [0.0,-0.0], [0.0,-0.0], [0.0,-0.0], [0.0,-0.0], [53.0,-0.7356101480176755], [53.0,-0.7356101480176755], [89.0,-0.7853662757263524], [0.0,-0.0], [0.0,-0.0], [53.0,-0.7356101480176755], [53.0,-0.7356101480176755], [89.0,-0.7853662757263524], [0.0,-0.0]]", 57
2850, 16.251266310000002, "[[0.0,-0.0], [259.0,-2.189243797675763], [159.0,-1.6014384975591665], [50.0,-0.1975609756097561], [151.0,-1.0864735615966523], [53.0,-0.7356101480176755], [89.0,-0.7853662757263524], [115.0,-1.0367174338879757], [112.0,-0.8558169348681528]]", "[[0.0,-0.0], [259.0,-2.189243797675763], [159.0,-1.6014384975591665], [50.0,-0.1975609756097561], [151.0,-1.0864735615966523], [53.0,-0.7356101480176755], [89.0,-0.7853662757263524], [115.0,-1.0367174338879757], [112.0,-0.8558169348681528], [0.0,-0.0], [0.0,-0.0], [0.0,-0.0], [0.0,-0.0], [0.0,-0.0], [0.0,-0.0], [0.0,-0.0], [0.0,-0.0], [0.0,-0.0], [0.0,-0.0], [0.0,-0.0], [0.0,-0.0], [0.0,-0.0], [0.0,-0.0], [89.0,-0.7853662757263524], [53.0,-0.7356101480176755], [0.0,-0.0], [0.0,-0.0], [0.0,-0.0], [0.0,-0.0], [0.0,-0.0], [0.0,-0.0], [0.0,-0.0], [0.0,-0.0], [0.0,-0.0], [0.0,-0.0], [0.0,-0.0], [0.0,-0.0], [0.0,-0.0], [0.0,-0.0], [0.0,-0.0], [0.0,-0.0], [0.0,-0.0], [0.0,-0.0], [0.0,-0.0], [0.0,-0.0], [0.0,-0.0], [0.0,-0.0], [0.0,-0.0], [53.0,-0.7356101480176755], [53.0,-0.7356101480176755], [89.0,-0.7853662757263524], [0.0,-0.0], [0.0,-0.0], [53.0,-0.7356101480176755], [53.0,-0.7356101480176755], [89.0,-0.7853662757263524], [0.0,-0.0]]", 57
2907, 16.503897612, "[[0.0,-0.0], [259.0,-2.189243797675763], [159.0,-1.6014384975591665], [50.0,-0.1975609756097561], [151.0,-1.0864735615966523], [53.0,-0.7356101480176755], [89.0,-0.7853662757263524], [115.0,-1.0367174338879757], [112.0,-0.8558169348681528]]", "[[0.0,-0.0], [259.0,-2.189243797675763], [159.0,-1.6014384975591665], [50.0,-0.1975609756097561], [151.0,-1.0864735615966523], [53.0,-0.7356101480176755], [89.0,-0.7853662757263524], [115.0,-1.0367174338879757], [112.0,-0.8558169348681528], [0.0,-0.0], [0.0,-0.0], [0.0,-0.0], [0.0,-0.0], [0.0,-0.0], [0.0,-0.0], [0.0,-0.0], [0.0,-0.0], [0.0,-0.0], [0.0,-0.0], [0.0,-0.0], [0.0,-0.0], [0.0,-0.0], [0.0,-0.0], [89.0,-0.7853662757263524], [53.0,-0.7356101480176755], [0.0,-0.0], [0.0,-0.0], [0.0,-0.0], [0.0,-0.0], [0.0,-0.0], [0.0,-0.0], [0.0,-0.0], [0.0,-0.0], [0.0,-0.0], [0.0,-0.0], [0.0,-0.0], [0.0,-0.0], [0.0,-0.0], [0.0,-0.0], [0.0,-0.0], [0.0,-0.0], [0.0,-0.0], [0.0,-0.0], [0.0,-0.0], [0.0,-0.0], [0.0,-0.0], [0.0,-0.0], [0.0,-0.0], [53.0,-0.7356101480176755], [53.0,-0.7356101480176755], [89.0,-0.7853662757263524], [0.0,-0.0], [0.0,-0.0], [53.0,-0.7356101480176755], [53.0,-0.7356101480176755], [89.0,-0.7853662757263524], [0.0,-0.0]]", 57
2964, 16.735115351, "[[0.0,-0.0], [259.0,-2.189243797675763], [159.0,-1.6014384975591665], [50.0,-0.1975609756097561], [151.0,-1.0864735615966523], [53.0,-0.7356101480176755], [89.0,-0.7853662757263524], [115.0,-1.0367174338879757], [112.0,-0.8558169348681528]]", "[[0.0,-0.0], [259.0,-2.189243797675763], [159.0,-1.6014384975591665], [50.0,-0.1975609756097561], [151.0,-1.0864735615966523], [53.0,-0.7356101480176755], [89.0,-0.7853662757263524], [115.0,-1.0367174338879757], [112.0,-0.8558169348681528], [0.0,-0.0], [0.0,-0.0], [0.0,-0.0], [0.0,-0.0], [0.0,-0.0], [0.0,-0.0], [0.0,-0.0], [0.0,-0.0], [0.0,-0.0], [0.0,-0.0], [0.0,-0.0], [0.0,-0.0], [0.0,-0.0], [0.0,-0.0], [89.0,-0.7853662757263524], [53.0,-0.7356101480176755], [0.0,-0.0], [0.0,-0.0], [0.0,-0.0], [0.0,-0.0], [0.0,-0.0], [0.0,-0.0], [0.0,-0.0], [0.0,-0.0], [0.0,-0.0], [0.0,-0.0], [0.0,-0.0], [0.0,-0.0], [0.0,-0.0], [0.0,-0.0], [0.0,-0.0], [0.0,-0.0], [0.0,-0.0], [0.0,-0.0], [0.0,-0.0], [0.0,-0.0], [0.0,-0.0], [0.0,-0.0], [0.0,-0.0], [53.0,-0.7356101480176755], [53.0,-0.7356101480176755], [89.0,-0.7853662757263524], [0.0,-0.0], [0.0,-0.0], [53.0,-0.7356101480176755], [53.0,-0.7356101480176755], [89.0,-0.7853662757263524], [0.0,-0.0]]", 57
3021, 16.977855274, "[[0.0,-0.0], [259.0,-2.189243797675763], [159.0,-1.6014384975591665], [50.0,-0.1975609756097561], [151.0,-1.0864735615966523], [53.0,-0.7356101480176755], [89.0,-0.7853662757263524], [115.0,-1.0367174338879757], [112.0,-0.8558169348681528]]", "[[0.0,-0.0], [259.0,-2.189243797675763], [159.0,-1.6014384975591665], [50.0,-0.1975609756097561], [151.0,-1.0864735615966523], [53.0,-0.7356101480176755], [89.0,-0.7853662757263524], [115.0,-1.0367174338879757], [112.0,-0.8558169348681528], [0.0,-0.0], [0.0,-0.0], [0.0,-0.0], [0.0,-0.0], [0.0,-0.0], [0.0,-0.0], [0.0,-0.0], [0.0,-0.0], [0.0,-0.0], [0.0,-0.0], [0.0,-0.0], [0.0,-0.0], [0.0,-0.0], [0.0,-0.0], [89.0,-0.7853662757263524], [53.0,-0.7356101480176755], [0.0,-0.0], [0.0,-0.0], [0.0,-0.0], [0.0,-0.0], [0.0,-0.0], [0.0,-0.0], [0.0,-0.0], [0.0,-0.0], [0.0,-0.0], [0.0,-0.0], [0.0,-0.0], [0.0,-0.0], [0.0,-0.0], [0.0,-0.0], [0.0,-0.0], [0.0,-0.0], [0.0,-0.0], [0.0,-0.0], [0.0,-0.0], [0.0,-0.0], [0.0,-0.0], [0.0,-0.0], [0.0,-0.0], [53.0,-0.7356101480176755], [53.0,-0.7356101480176755], [89.0,-0.7853662757263524], [0.0,-0.0], [0.0,-0.0], [53.0,-0.7356101480176755], [53.0,-0.7356101480176755], [89.0,-0.7853662757263524], [0.0,-0.0]]", 57
3078, 17.188295575, "[[0.0,-0.0], [259.0,-2.189243797675763], [159.0,-1.6014384975591665], [50.0,-0.1975609756097561], [151.0,-1.0864735615966523], [53.0,-0.7356101480176755], [89.0,-0.7853662757263524], [115.0,-1.0367174338879757], [112.0,-0.8558169348681528]]", "[[0.0,-0.0], [259.0,-2.189243797675763], [159.0,-1.6014384975591665], [50.0,-0.1975609756097561], [151.0,-1.0864735615966523], [53.0,-0.7356101480176755], [89.0,-0.7853662757263524], [115.0,-1.0367174338879757], [112.0,-0.8558169348681528], [0.0,-0.0], [0.0,-0.0], [0.0,-0.0], [0.0,-0.0], [0.0,-0.0], [0.0,-0.0], [0.0,-0.0], [0.0,-0.0], [0.0,-0.0], [0.0,-0.0], [0.0,-0.0], [0.0,-0.0], [0.0,-0.0], [0.0,-0.0], [89.0,-0.7853662757263524], [53.0,-0.7356101480176755], [0.0,-0.0], [0.0,-0.0], [0.0,-0.0], [0.0,-0.0], [0.0,-0.0], [0.0,-0.0], [0.0,-0.0], [0.0,-0.0], [0.0,-0.0], [0.0,-0.0], [0.0,-0.0], [0.0,-0.0], [0.0,-0.0], [0.0,-0.0], [0.0,-0.0], [0.0,-0.0], [0.0,-0.0], [0.0,-0.0], [0.0,-0.0], [0.0,-0.0], [0.0,-0.0], [0.0,-0.0], [0.0,-0.0], [53.0,-0.7356101480176755], [53.0,-0.7356101480176755], [89.0,-0.7853662757263524], [0.0,-0.0], [0.0,-0.0], [53.0,-0.7356101480176755], [53.0,-0.7356101480176755], [89.0,-0.7853662757263524], [0.0,-0.0]]", 57
3135, 17.421989777, "[[0.0,-0.0], [496.0,-2.7757422070076823], [259.0,-2.189243797675763], [159.0,-1.6014384975591665], [50.0,-0.1975609756097561], [151.0,-1.0864735615966523], [53.0,-0.7356101480176755], [89.0,-0.7853662757263524], [115.0,-1.0367174338879757], [112.0,-0.8558169348681528]]", "[[0.0,-0.0], [496.0,-2.7757422070076823], [259.0,-2.189243797675763], [159.0,-1.6014384975591665], [50.0,-0.1975609756097561], [151.0,-1.0864735615966523], [53.0,-0.7356101480176755], [89.0,-0.7853662757263524], [115.0,-1.0367174338879757], [112.0,-0.8558169348681528], [0.0,-0.0], [0.0,-0.0], [0.0,-0.0], [0.0,-0.0], [0.0,-0.0], [0.0,-0.0], [0.0,-0.0], [0.0,-0.0], [0.0,-0.0], [0.0,-0.0], [0.0,-0.0], [0.0,-0.0], [0.0,-0.0], [0.0,-0.0], [89.0,-0.7853662757263524], [53.0,-0.7356101480176755], [0.0,-0.0], [0.0,-0.0], [0.0,-0.0], [0.0,-0.0], [0.0,-0.0], [0.0,-0.0], [0.0,-0.0], [0.0,-0.0], [0.0,-0.0], [0.0,-0.0], [0.0,-0.0], [0.0,-0.0], [0.0,-0.0], [0.0,-0.0], [0.0,-0.0], [0.0,-0.0], [0.0,-0.0], [0.0,-0.0], [0.0,-0.0], [0.0,-0.0], [0.0,-0.0], [0.0,-0.0], [0.0,-0.0], [53.0,-0.7356101480176755], [53.0,-0.7356101480176755], [89.0,-0.7853662757263524], [0.0,-0.0], [0.0,-0.0], [53.0,-0.7356101480176755], [53.0,-0.7356101480176755], [89.0,-0.7853662757263524]]", 57
3192, 17.645211121000003, "[[0.0,-0.0], [496.0,-2.7757422070076823], [259.0,-2.189243797675763], [159.0,-1.6014384975591665], [50.0,-0.1975609756097561], [151.0,-1.0864735615966523], [53.0,-0.7356101480176755], [89.0,-0.7853662757263524], [115.0,-1.0367174338879757], [112.0,-0.8558169348681528]]", "[[0.0,-0.0], [496.0,-2.7757422070076823], [259.0,-2.189243797675763], [159.0,-1.6014384975591665], [50.0,-0.1975609756097561], [151.0,-1.0864735615966523], [53.0,-0.7356101480176755], [89.0,-0.7853662757263524], [115.0,-1.0367174338879757], [112.0,-0.8558169348681528], [0.0,-0.0], [0.0,-0.0], [0.0,-0.0], [0.0,-0.0], [0.0,-0.0], [0.0,-0.0], [0.0,-0.0], [0.0,-0.0], [0.0,-0.0], [0.0,-0.0], [0.0,-0.0], [0.0,-0.0], [0.0,-0.0], [0.0,-0.0], [89.0,-0.7853662757263524], [53.0,-0.7356101480176755], [0.0,-0.0], [0.0,-0.0], [0.0,-0.0], [0.0,-0.0], [0.0,-0.0], [0.0,-0.0], [0.0,-0.0], [0.0,-0.0], [0.0,-0.0], [0.0,-0.0], [0.0,-0.0], [0.0,-0.0], [0.0,-0.0], [0.0,-0.0], [0.0,-0.0], [0.0,-0.0], [0.0,-0.0], [0.0,-0.0], [0.0,-0.0], [0.0,-0.0], [0.0,-0.0], [0.0,-0.0], [0.0,-0.0], [53.0,-0.7356101480176755], [53.0,-0.7356101480176755], [89.0,-0.7853662757263524], [0.0,-0.0], [0.0,-0.0], [53.0,-0.7356101480176755], [53.0,-0.7356101480176755], [89.0,-0.7853662757263524]]", 57
3249, 17.853799523000003, "[[0.0,-0.0], [496.0,-2.7757422070076823], [259.0,-2.189243797675763], [159.0,-1.6014384975591665], [50.0,-0.1975609756097561], [151.0,-1.0864735615966523], [53.0,-0.7356101480176755], [89.0,-0.7853662757263524], [115.0,-1.0367174338879757], [112.0,-0.8558169348681528]]", "[[0.0,-0.0], [496.0,-2.7757422070076823], [259.0,-2.189243797675763], [159.0,-1.6014384975591665], [50.0,-0.1975609756097561], [151.0,-1.0864735615966523], [53.0,-0.7356101480176755], [89.0,-0.7853662757263524], [115.0,-1.0367174338879757], [112.0,-0.8558169348681528], [0.0,-0.0], [0.0,-0.0], [0.0,-0.0], [0.0,-0.0], [0.0,-0.0], [0.0,-0.0], [0.0,-0.0], [0.0,-0.0], [0.0,-0.0], [0.0,-0.0], [0.0,-0.0], [0.0,-0.0], [0.0,-0.0], [0.0,-0.0], [89.0,-0.7853662757263524], [53.0,-0.7356101480176755], [0.0,-0.0], [0.0,-0.0], [0.0,-0.0], [0.0,-0.0], [0.0,-0.0], [0.0,-0.0], [0.0,-0.0], [0.0,-0.0], [0.0,-0.0], [0.0,-0.0], [0.0,-0.0], [0.0,-0.0], [0.0,-0.0], [0.0,-0.0], [0.0,-0.0], [0.0,-0.0], [0.0,-0.0], [0.0,-0.0], [0.0,-0.0], [0.0,-0.0], [0.0,-0.0], [0.0,-0.0], [0.0,-0.0], [53.0,-0.7356101480176755], [53.0,-0.7356101480176755], [89.0,-0.7853662757263524], [0.0,-0.0], [0.0,-0.0], [53.0,-0.7356101480176755], [53.0,-0.7356101480176755], [89.0,-0.7853662757263524]]", 57
3306, 18.059941949000002, "[[0.0,-0.0], [496.0,-2.7757422070076823], [259.0,-2.189243797675763], [159.0,-1.6014384975591665], [50.0,-0.1975609756097561], [151.0,-1.0864735615966523], [53.0,-0.7356101480176755], [89.0,-0.7853662757263524], [115.0,-1.0367174338879757], [112.0,-0.8558169348681528]]", "[[0.0,-0.0], [496.0,-2.7757422070076823], [259.0,-2.189243797675763], [159.0,-1.6014384975591665], [50.0,-0.1975609756097561], [151.0,-1.0864735615966523], [53.0,-0.7356101480176755], [89.0,-0.7853662757263524], [115.0,-1.0367174338879757], [112.0,-0.8558169348681528], [0.0,-0.0], [0.0,-0.0], [0.0,-0.0], [0.0,-0.0], [0.0,-0.0], [0.0,-0.0], [0.0,-0.0], [0.0,-0.0], [0.0,-0.0], [0.0,-0.0], [0.0,-0.0], [0.0,-0.0], [0.0,-0.0], [0.0,-0.0], [89.0,-0.7853662757263524], [53.0,-0.7356101480176755], [0.0,-0.0], [0.0,-0.0], [0.0,-0.0], [0.0,-0.0], [0.0,-0.0], [0.0,-0.0], [0.0,-0.0], [0.0,-0.0], [0.0,-0.0], [0.0,-0.0], [0.0,-0.0], [0.0,-0.0], [0.0,-0.0], [0.0,-0.0], [0.0,-0.0], [0.0,-0.0], [0.0,-0.0], [0.0,-0.0], [0.0,-0.0], [0.0,-0.0], [0.0,-0.0], [0.0,-0.0], [0.0,-0.0], [53.0,-0.7356101480176755], [53.0,-0.7356101480176755], [89.0,-0.7853662757263524], [0.0,-0.0], [0.0,-0.0], [53.0,-0.7356101480176755], [53.0,-0.7356101480176755], [89.0,-0.7853662757263524]]", 57
3363, 18.257093398000002, "[[0.0,-0.0], [496.0,-2.7757422070076823], [259.0,-2.189243797675763], [159.0,-1.6014384975591665], [50.0,-0.1975609756097561], [151.0,-1.0864735615966523], [53.0,-0.7356101480176755], [89.0,-0.7853662757263524], [115.0,-1.0367174338879757], [112.0,-0.8558169348681528]]", "[[0.0,-0.0], [496.0,-2.7757422070076823], [259.0,-2.189243797675763], [159.0,-1.6014384975591665], [50.0,-0.1975609756097561], [151.0,-1.0864735615966523], [53.0,-0.7356101480176755], [89.0,-0.7853662757263524], [115.0,-1.0367174338879757], [112.0,-0.8558169348681528], [0.0,-0.0], [0.0,-0.0], [0.0,-0.0], [0.0,-0.0], [0.0,-0.0], [0.0,-0.0], [0.0,-0.0], [0.0,-0.0], [0.0,-0.0], [0.0,-0.0], [0.0,-0.0], [0.0,-0.0], [0.0,-0.0], [0.0,-0.0], [89.0,-0.7853662757263524], [53.0,-0.7356101480176755], [0.0,-0.0], [0.0,-0.0], [0.0,-0.0], [0.0,-0.0], [0.0,-0.0], [0.0,-0.0], [0.0,-0.0], [0.0,-0.0], [0.0,-0.0], [0.0,-0.0], [0.0,-0.0], [0.0,-0.0], [0.0,-0.0], [0.0,-0.0], [0.0,-0.0], [0.0,-0.0], [0.0,-0.0], [0.0,-0.0], [0.0,-0.0], [0.0,-0.0], [0.0,-0.0], [0.0,-0.0], [0.0,-0.0], [53.0,-0.7356101480176755], [53.0,-0.7356101480176755], [89.0,-0.7853662757263524], [0.0,-0.0], [0.0,-0.0], [53.0,-0.7356101480176755], [53.0,-0.7356101480176755], [89.0,-0.7853662757263524]]", 57
3420, 18.481044059000002, "[[0.0,-0.0], [496.0,-2.7757422070076823], [259.0,-2.189243797675763], [159.0,-1.6014384975591665], [109.0,-1.4038775219494106], [50.0,-0.1975609756097561], [89.0,-0.7853662757263524], [53.0,-0.7356101480176755]]", "[[0.0,-0.0], [496.0,-2.7757422070076823], [259.0,-2.189243797675763], [159.0,-1.6014384975591665], [109.0,-1.4038775219494106], [50.0,-0.1975609756097561], [89.0,-0.7853662757263524], [53.0,-0.7356101480176755], [0.0,-0.0], [0.0,-0.0], [0.0,-0.0], [0.0,-0.0], [0.0,-0.0], [0.0,-0.0], [0.0,-0.0], [0.0,-0.0], [0.0,-0.0], [0.0,-0.0], [0.0,-0.0], [0.0,-0.0], [0.0,-0.0], [0.0,-0.0], [89.0,-0.7853662757263524], [53.0,-0.7356101480176755], [0.0,-0.0], [0.0,-0.0], [0.0,-0.0], [0.0,-0.0], [0.0,-0.0], [0.0,-0.0], [0.0,-0.0], [0.0,-0.0], [0.0,-0.0], [0.0,-0.0], [0.0,-0.0], [0.0,-0.0], [0.0,-0.0], [0.0,-0.0], [0.0,-0.0], [0.0,-0.0], [0.0,-0.0], [0.0,-0.0], [0.0,-0.0], [0.0,-0.0], [0.0,-0.0], [0.0,-0.0], [0.0,-0.0], [53.0,-0.7356101480176755], [53.0,-0.7356101480176755], [89.0,-0.7853662757263524], [0.0,-0.0], [0.0,-0.0], [53.0,-0.7356101480176755], [53.0,-0.7356101480176755], [89.0,-0.7853662757263524], [53.0,-0.7356101480176755], [0.0,-0.0]]", 57
3477, 18.712431843, "[[0.0,-0.0], [496.0,-2.7757422070076823], [259.0,-2.189243797675763], [159.0,-1.6014384975591665], [109.0,-1.4038775219494106], [50.0,-0.1975609756097561], [89.0,-0.7853662757263524], [53.0,-0.7356101480176755]]", "[[0.0,-0.0], [496.0,-2.7757422070076823], [259.0,-2.189243797675763], [159.0,-1.6014384975591665], [109.0,-1.4038775219494106], [50.0,-0.1975609756097561], [89.0,-0.7853662757263524], [53.0,-0.7356101480176755], [0.0,-0.0], [0.0,-0.0], [0.0,-0.0], [0.0,-0.0], [0.0,-0.0], [0.0,-0.0], [0.0,-0.0], [0.0,-0.0], [0.0,-0.0], [0.0,-0.0], [0.0,-0.0], [0.0,-0.0], [0.0,-0.0], [0.0,-0.0], [89.0,-0.7853662757263524], [53.0,-0.7356101480176755], [0.0,-0.0], [0.0,-0.0], [0.0,-0.0], [0.0,-0.0], [0.0,-0.0], [0.0,-0.0], [0.0,-0.0], [0.0,-0.0], [0.0,-0.0], [0.0,-0.0], [0.0,-0.0], [0.0,-0.0], [0.0,-0.0], [0.0,-0.0], [0.0,-0.0], [0.0,-0.0], [0.0,-0.0], [0.0,-0.0], [0.0,-0.0], [0.0,-0.0], [0.0,-0.0], [0.0,-0.0], [0.0,-0.0], [53.0,-0.7356101480176755], [53.0,-0.7356101480176755], [89.0,-0.7853662757263524], [0.0,-0.0], [0.0,-0.0], [53.0,-0.7356101480176755], [53.0,-0.7356101480176755], [89.0,-0.7853662757263524], [53.0,-0.7356101480176755], [0.0,-0.0]]", 57
3534, 18.94003215, "[[0.0,-0.0], [496.0,-2.7757422070076823], [259.0,-2.189243797675763], [159.0,-1.6014384975591665], [109.0,-1.4038775219494106], [50.0,-0.1975609756097561], [89.0,-0.7853662757263524], [53.0,-0.7356101480176755]]", "[[0.0,-0.0], [496.0,-2.7757422070076823], [259.0,-2.189243797675763], [159.0,-1.6014384975591665], [109.0,-1.4038775219494106], [50.0,-0.1975609756097561], [89.0,-0.7853662757263524], [53.0,-0.7356101480176755], [0.0,-0.0], [0.0,-0.0], [0.0,-0.0], [0.0,-0.0], [0.0,-0.0], [0.0,-0.0], [0.0,-0.0], [0.0,-0.0], [0.0,-0.0], [0.0,-0.0], [0.0,-0.0], [0.0,-0.0], [0.0,-0.0], [0.0,-0.0], [89.0,-0.7853662757263524], [53.0,-0.7356101480176755], [0.0,-0.0], [0.0,-0.0], [0.0,-0.0], [0.0,-0.0], [0.0,-0.0], [0.0,-0.0], [0.0,-0.0], [0.0,-0.0], [0.0,-0.0], [0.0,-0.0], [0.0,-0.0], [0.0,-0.0], [0.0,-0.0], [0.0,-0.0], [0.0,-0.0], [0.0,-0.0], [0.0,-0.0], [0.0,-0.0], [0.0,-0.0], [0.0,-0.0], [0.0,-0.0], [0.0,-0.0], [0.0,-0.0], [53.0,-0.7356101480176755], [53.0,-0.7356101480176755], [89.0,-0.7853662757263524], [0.0,-0.0], [0.0,-0.0], [53.0,-0.7356101480176755], [53.0,-0.7356101480176755], [89.0,-0.7853662757263524], [53.0,-0.7356101480176755], [0.0,-0.0]]", 57
3591, 19.137071638000002, "[[0.0,-0.0], [496.0,-2.7757422070076823], [259.0,-2.189243797675763], [159.0,-1.6014384975591665], [109.0,-1.4038775219494106], [50.0,-0.1975609756097561], [89.0,-0.7853662757263524], [53.0,-0.7356101480176755]]", "[[0.0,-0.0], [496.0,-2.7757422070076823], [259.0,-2.189243797675763], [159.0,-1.6014384975591665], [109.0,-1.4038775219494106], [50.0,-0.1975609756097561], [89.0,-0.7853662757263524], [53.0,-0.7356101480176755], [0.0,-0.0], [0.0,-0.0], [0.0,-0.0], [0.0,-0.0], [0.0,-0.0], [0.0,-0.0], [0.0,-0.0], [0.0,-0.0], [0.0,-0.0], [0.0,-0.0], [0.0,-0.0], [0.0,-0.0], [0.0,-0.0], [0.0,-0.0], [89.0,-0.7853662757263524], [53.0,-0.7356101480176755], [0.0,-0.0], [0.0,-0.0], [0.0,-0.0], [0.0,-0.0], [0.0,-0.0], [0.0,-0.0], [0.0,-0.0], [0.0,-0.0], [0.0,-0.0], [0.0,-0.0], [0.0,-0.0], [0.0,-0.0], [0.0,-0.0], [0.0,-0.0], [0.0,-0.0], [0.0,-0.0], [0.0,-0.0], [0.0,-0.0], [0.0,-0.0], [0.0,-0.0], [0.0,-0.0], [0.0,-0.0], [0.0,-0.0], [53.0,-0.7356101480176755], [53.0,-0.7356101480176755], [89.0,-0.7853662757263524], [0.0,-0.0], [0.0,-0.0], [53.0,-0.7356101480176755], [53.0,-0.7356101480176755], [89.0,-0.7853662757263524], [53.0,-0.7356101480176755], [0.0,-0.0]]", 57